160 499 201 476 249 474 290 488 321 500 256 462 313 492 331 514 334 527 240 482 304 513 330 538 340 555 222 507 283 537 305 556 315 566 205 536 253 559 271 566 279 567 449 367 448 402 467 432 489 458 510 475 515 398 557 437 567 467 568 488 530 382 584 416 590 451 583 474 536 376 584 402 588 433 583 455 537 375 575 395 583 416 580 432 
157 499 200 475 250 473 295 484 327 495 255 461 311 487 329 506 336 520 239 481 301 507 328 531 339 548 222 506 280 531 303 550 314 562 204 534 249 555 266 564 276 567 444 367 444 402 463 432 487 458 509 475 517 398 558 434 567 463 567 484 530 382 582 416 591 450 585 472 535 376 582 401 589 431 585 454 534 375 574 392 584 412 583 430 
152 501 191 475 234 469 270 479 296 493 247 457 306 472 328 493 336 510 234 478 299 503 328 528 340 546 219 505 279 531 304 550 315 560 204 534 250 556 267 564 274 565 442 365 443 401 462 430 486 458 508 475 516 398 558 434 567 463 567 484 528 383 583 416 591 450 586 473 533 376 582 400 589 431 585 454 532 375 573 392 583 412 583 429 
153 499 195 474 239 470 275 481 303 493 252 457 311 479 330 500 335 514 235 479 302 507 328 531 338 547 219 505 280 532 305 551 316 562 202 534 249 557 266 564 274 566 440 365 442 400 461 430 485 457 508 476 516 398 557 434 566 464 567 486 529 383 583 416 590 450 585 473 533 377 581 401 587 432 584 455 532 376 571 393 581 413 582 430 
152 499 193 473 235 467 270 479 294 493 252 457 312 480 332 501 338 515 236 478 302 505 329 529 339 546 219 505 280 530 305 549 316 560 202 533 251 555 268 563 275 565 440 366 442 401 461 430 485 457 508 475 516 398 556 435 565 464 566 485 529 383 582 417 590 450 584 473 533 376 581 401 588 432 584 455 532 375 571 392 582 412 583 430 
150 501 192 473 233 467 268 479 293 493 248 457 308 475 330 496 336 511 233 478 300 505 328 529 338 545 218 505 280 532 304 550 312 559 203 534 253 558 269 563 274 564 440 366 442 401 461 430 485 457 508 475 516 398 557 434 565 464 566 485 529 383 583 416 590 450 584 473 534 376 582 400 589 431 585 454 533 374 573 391 583 411 583 429 
152 500 194 473 235 468 268 481 292 496 251 457 311 479 331 501 335 514 235 478 302 507 328 532 337 547 218 506 282 533 306 552 315 562 203 534 253 557 269 564 275 566 440 366 442 402 461 431 485 458 508 475 516 398 556 434 565 464 566 486 529 383 583 416 590 450 583 472 534 376 583 400 589 431 585 454 533 375 573 391 583 411 583 429 
155 499 200 475 252 474 298 484 331 492 256 459 314 487 333 510 338 525 238 480 303 510 329 534 337 550 219 506 282 534 306 554 316 565 202 534 251 557 268 564 276 566 440 366 442 401 461 430 485 458 508 475 516 398 557 434 566 464 567 485 529 383 583 416 590 450 584 473 534 376 582 400 589 432 585 455 533 374 573 391 583 412 583 429 
155 499 200 475 252 473 298 484 331 494 257 460 314 489 332 512 337 527 239 480 303 511 329 536 337 552 220 506 282 534 305 554 314 565 202 534 249 556 267 565 276 567 439 367 442 401 461 431 485 458 508 475 516 398 557 434 565 464 566 486 529 383 583 416 589 450 583 473 534 376 582 400 588 431 583 454 533 375 573 392 582 412 581 429 
154 500 198 475 249 473 294 483 326 495 256 460 314 488 332 510 336 525 239 480 304 511 329 536 337 552 220 506 283 535 307 556 317 567 202 535 251 558 269 566 276 568 440 366 442 401 461 430 485 458 508 475 516 398 557 434 566 464 567 486 529 382 583 417 590 450 584 473 534 376 582 401 589 432 584 455 533 374 573 392 582 412 582 430 
151 501 192 476 233 470 266 481 291 496 246 459 306 469 331 491 341 510 232 480 301 507 329 532 339 550 218 506 282 534 306 554 315 564 203 535 253 558 270 565 275 566 439 366 442 401 461 431 485 458 508 475 516 398 557 434 566 464 567 486 529 383 583 417 590 450 584 472 534 376 582 401 588 431 584 454 533 375 573 391 582 411 582 428 
154 499 196 474 238 471 271 484 294 501 251 460 314 479 335 504 336 522 235 481 306 513 326 538 327 553 218 508 285 539 307 558 310 566 203 536 256 561 274 568 278 569 439 366 442 402 461 431 485 458 508 475 516 398 557 434 566 465 567 486 529 382 583 417 590 450 583 472 534 376 582 400 588 431 584 454 533 374 573 391 582 411 583 428 
154 499 197 473 240 470 274 483 298 499 255 460 317 485 335 510 333 524 238 480 306 513 326 539 328 554 221 507 286 537 306 557 310 567 204 536 257 560 275 568 282 570 439 366 442 401 461 430 485 458 507 476 516 398 557 434 566 464 567 486 529 383 582 417 589 450 583 472 533 376 581 401 587 431 583 454 532 375 572 391 581 411 581 428 
151 497 196 474 243 470 284 479 315 491 252 459 312 481 330 502 335 516 236 478 300 504 325 528 334 544 218 503 277 526 301 545 312 556 200 531 246 552 266 561 276 565 439 365 442 401 461 430 485 458 507 475 516 398 556 434 565 464 566 486 529 383 582 417 590 450 584 473 533 376 581 401 588 432 584 454 532 375 572 391 582 411 582 429 
148 499 192 476 232 470 264 480 288 493 247 459 306 470 332 491 347 508 232 478 296 500 326 524 340 542 217 504 276 525 303 545 318 558 201 532 247 552 269 562 282 567 438 366 441 401 461 430 485 458 509 475 515 397 556 432 565 462 566 484 528 382 582 416 590 449 585 472 532 376 580 400 587 431 584 455 531 375 570 391 581 410 582 428 
148 499 192 476 234 470 271 479 296 492 243 458 300 462 330 481 349 500 229 477 292 495 327 518 348 536 214 502 273 521 304 540 325 554 201 529 244 548 268 558 286 566 435 364 440 398 460 428 485 455 509 472 513 393 558 425 569 455 571 477 525 378 581 410 589 444 584 468 529 372 580 396 587 427 584 451 528 372 568 387 580 408 581 426 
144 495 194 475 241 458 277 454 303 453 233 445 280 425 313 425 341 428 217 462 263 451 298 454 326 460 202 488 240 482 274 485 301 489 190 520 220 532 241 541 262 551 426 359 428 389 443 406 465 418 489 423 491 355 523 351 545 366 564 382 511 346 553 339 580 359 599 380 524 349 564 342 589 360 606 378 532 358 566 357 586 370 602 384 
144 493 193 474 239 457 276 452 304 451 228 440 275 422 309 419 337 418 214 457 259 448 294 450 323 454 200 482 237 479 269 481 296 483 186 513 212 527 232 537 252 547 431 355 424 381 434 393 452 401 471 408 481 351 512 351 537 359 557 366 500 342 544 340 572 356 593 373 513 343 553 342 578 357 595 373 521 349 551 349 570 360 584 371 
146 491 190 470 237 450 274 438 303 428 227 443 276 426 308 420 335 416 215 460 258 454 290 454 317 456 201 485 236 484 266 484 293 484 188 514 206 530 221 541 236 551 437 352 419 373 416 383 421 388 421 387 458 349 477 350 492 356 510 361 483 341 515 345 540 354 563 364 501 342 534 346 558 356 579 365 514 348 541 349 561 354 578 360 
148 491 191 469 237 448 275 433 305 422 228 444 275 428 307 422 334 416 216 461 260 457 291 458 319 460 202 486 236 487 267 489 294 489 187 515 207 532 221 544 237 555 425 369 409 381 399 379 383 369 365 363 435 351 448 337 461 334 477 332 463 347 487 335 505 332 521 332 483 347 509 339 529 338 546 339 496 352 518 346 534 345 548 345 
150 490 193 467 238 444 274 428 304 415 228 443 276 428 307 421 334 416 217 462 261 458 292 459 319 460 203 487 237 488 267 490 295 491 188 517 208 532 223 543 239 554 427 372 405 380 392 377 381 367 370 353 431 352 445 340 458 335 474 332 458 349 481 336 499 334 518 333 476 349 503 339 525 338 544 340 488 352 512 343 530 341 546 341 
149 490 190 468 235 446 272 431 301 419 229 445 278 433 310 427 337 423 217 462 262 461 294 465 323 468 202 488 239 491 270 495 299 497 186 517 207 534 224 547 241 558 422 372 406 381 399 381 390 376 375 368 442 350 460 356 471 366 484 375 467 347 499 346 524 351 548 358 482 348 516 348 541 352 564 359 490 352 520 352 539 353 557 356 
151 489 190 464 236 442 274 427 308 415 232 447 283 439 315 435 343 431 219 465 265 466 298 470 326 472 203 490 241 496 271 500 300 502 187 519 207 538 223 551 239 562 420 367 401 383 391 389 378 385 360 374 429 353 454 365 467 376 479 388 455 346 487 353 512 361 532 370 473 347 508 353 534 360 555 368 486 351 519 353 541 353 560 354 
152 489 192 464 238 444 276 430 309 418 233 446 285 441 319 438 347 435 220 465 267 468 300 472 328 474 204 491 241 496 272 502 301 505 186 520 208 538 223 551 240 562 418 369 399 380 391 386 381 384 364 378 429 351 449 361 464 373 479 385 457 345 488 351 512 358 534 366 477 346 510 349 534 355 555 361 491 351 521 351 541 352 559 352 
153 489 193 466 239 445 277 430 309 417 237 450 290 444 323 441 351 437 224 468 271 472 305 478 333 481 207 492 246 499 277 506 306 509 188 520 208 540 222 554 238 566 412 366 396 377 388 383 376 383 359 378 430 351 453 364 464 373 474 380 456 343 490 353 516 360 537 368 473 343 510 349 535 356 557 363 485 347 516 348 537 350 556 352 
151 491 192 466 239 445 278 429 310 413 235 448 287 443 320 439 349 435 220 467 269 471 303 476 331 480 204 492 243 498 275 503 305 507 185 521 207 539 223 552 239 564 408 367 394 381 385 383 372 380 358 377 431 350 450 358 459 367 468 374 456 343 492 348 518 355 539 363 474 343 510 348 536 355 557 362 486 348 517 348 538 350 556 353 
139 498 185 470 229 438 263 411 284 385 215 437 248 410 270 396 290 386 200 452 228 427 250 416 268 410 187 475 209 460 231 453 252 447 175 504 195 512 210 518 226 525 419 376 395 377 381 367 362 342 346 324 431 342 427 302 418 272 412 248 457 337 470 305 478 288 490 273 473 335 491 306 506 290 519 277 482 335 503 314 519 303 532 294 
154 515 212 484 239 439 252 406 269 386 221 423 226 375 234 347 244 323 204 436 202 393 212 365 225 339 188 455 184 425 192 404 204 382 174 482 173 472 180 465 189 455 412 376 393 376 370 360 345 337 326 318 399 307 382 275 374 253 368 232 419 298 417 255 418 230 417 207 437 300 441 261 444 237 445 217 453 309 464 278 470 258 473 239 
166 514 221 482 245 438 257 408 282 394 226 428 236 385 248 357 261 333 211 442 215 403 227 379 239 354 195 464 194 433 208 413 220 392 181 493 179 483 187 475 194 465 427 372 396 375 371 359 349 339 330 316 399 306 387 275 379 254 372 234 422 297 424 256 428 230 431 207 442 298 448 262 453 240 456 219 460 304 470 276 475 258 479 240 
169 511 223 483 244 440 256 410 279 396 226 430 237 386 249 359 263 336 211 444 210 409 222 391 235 373 195 466 191 437 206 419 221 400 181 494 177 486 185 479 195 471 423 376 396 376 370 359 349 338 329 317 399 306 387 275 378 255 371 236 422 296 425 256 427 231 430 208 442 297 448 262 452 241 456 221 460 305 470 278 474 260 478 242 
172 512 223 486 246 443 259 414 284 400 227 432 241 390 255 364 271 342 212 444 215 409 229 389 244 368 196 466 193 437 209 419 225 401 181 495 177 486 185 479 193 470 425 374 396 375 371 359 347 340 327 320 398 307 386 277 377 257 370 237 421 297 423 256 425 232 427 209 441 297 446 262 450 239 452 218 459 304 468 275 472 256 474 237 
175 512 223 487 247 444 260 414 286 402 228 432 243 392 258 366 275 345 212 444 216 409 229 390 244 371 196 465 194 437 209 420 226 402 181 493 177 484 184 478 193 469 425 377 397 376 370 360 348 339 328 320 399 306 386 276 377 257 370 237 422 295 424 256 425 232 428 209 442 296 449 260 453 238 456 217 460 305 472 277 478 258 482 239 
180 514 227 489 253 453 271 428 293 417 231 440 249 405 268 386 289 370 216 451 218 414 232 393 248 372 200 470 193 440 204 420 217 399 186 495 175 484 173 473 172 460 426 375 398 371 374 349 360 322 345 298 404 294 389 259 381 235 376 214 426 285 426 240 427 212 429 188 445 287 451 246 455 221 457 198 463 297 477 268 485 248 491 229 
188 507 227 480 249 445 267 419 294 409 230 428 244 391 261 370 279 351 213 439 214 404 222 379 232 356 196 460 188 428 194 405 203 381 180 487 168 470 163 457 160 441 425 376 399 371 376 348 365 321 354 295 404 291 389 256 380 232 373 211 426 281 425 237 424 208 424 183 445 283 448 243 451 217 452 194 462 293 472 263 477 243 480 223 
191 508 226 481 246 445 264 419 289 409 230 429 244 391 257 367 272 345 216 439 217 404 226 379 236 354 199 460 194 430 200 408 210 385 183 487 173 468 170 454 168 438 425 377 400 373 377 351 364 324 353 297 405 294 389 259 380 236 374 214 426 283 424 238 425 210 425 184 444 284 448 244 451 219 451 196 462 294 473 264 478 244 479 224 
157 508 208 494 251 470 285 459 313 451 219 430 264 406 298 405 326 412 200 443 248 419 288 419 318 424 187 467 230 448 263 445 290 443 180 497 209 498 229 498 247 497 424 377 401 381 378 365 365 341 350 317 418 317 413 285 409 266 407 246 440 305 450 269 456 247 461 227 457 303 471 270 478 250 484 230 470 309 487 282 497 265 503 250 
151 520 197 485 255 466 301 458 336 449 260 463 322 486 362 495 393 500 244 484 310 510 352 524 384 536 226 511 286 535 323 551 353 563 207 540 247 562 276 577 300 590 428 383 404 390 387 381 380 370 370 361 424 352 441 344 458 348 478 354 450 340 478 326 502 327 526 336 466 332 494 321 514 324 535 332 476 330 501 324 519 328 537 335 
149 496 198 476 252 470 299 467 334 459 264 477 328 500 362 515 389 527 249 496 315 528 350 547 376 560 230 519 289 550 323 569 351 581 208 543 244 571 268 587 289 599 442 380 417 391 402 389 393 378 379 367 437 349 460 354 476 362 493 373 460 338 495 343 519 351 540 361 475 334 506 337 526 344 545 353 484 336 508 335 524 340 537 346 
150 493 199 474 255 469 301 466 333 451 263 474 324 498 359 513 388 525 248 492 310 522 347 542 374 557 228 514 283 543 318 562 346 575 206 538 242 564 266 579 287 593 455 381 430 394 415 393 399 382 382 368 449 354 483 377 506 394 525 407 468 340 509 364 532 382 549 398 482 336 516 354 536 369 550 383 492 336 514 343 526 354 534 364 
152 493 200 474 255 467 301 465 335 457 263 475 322 498 358 513 386 524 248 493 308 523 345 542 372 557 228 515 281 543 316 562 343 576 205 539 242 564 265 579 286 593 451 378 428 393 411 393 398 383 383 369 446 350 481 372 504 392 525 408 467 337 512 362 535 386 554 404 481 333 520 352 541 373 556 389 492 334 517 342 529 353 537 364 
153 491 200 472 255 467 300 465 334 457 263 474 322 497 358 512 385 524 247 493 307 522 345 541 372 556 227 516 280 542 315 561 342 576 204 540 241 564 265 579 286 592 446 379 423 393 409 394 398 385 382 373 447 352 485 377 509 397 528 413 467 339 513 367 537 390 556 409 481 336 520 356 541 376 556 393 491 337 517 345 530 356 539 367 
152 492 199 473 255 468 301 467 336 459 263 475 323 498 359 512 387 523 248 494 308 523 346 542 373 557 227 516 282 543 316 562 343 576 204 540 242 564 266 579 287 592 447 377 421 391 409 394 397 387 381 378 444 354 485 382 509 403 528 420 465 341 511 371 534 396 551 414 479 337 519 360 538 380 552 395 491 337 518 350 532 364 541 376 
154 492 201 473 256 468 301 467 336 459 264 474 324 497 359 511 387 521 249 494 309 522 346 542 373 556 228 516 282 543 316 562 343 576 205 540 242 564 266 579 288 592 451 377 425 392 411 396 401 391 386 384 446 357 484 385 508 406 527 423 466 343 511 373 534 398 551 417 481 339 520 361 538 382 552 398 493 339 519 352 531 366 539 377 
154 492 201 473 257 468 302 467 337 459 265 474 323 497 359 511 387 521 249 493 309 522 346 541 373 556 228 516 282 543 317 562 344 576 205 540 242 564 267 579 288 592 451 377 425 393 412 397 404 393 389 386 445 357 485 385 509 407 528 424 467 344 513 373 536 397 554 416 482 340 521 361 540 382 555 398 493 340 520 354 533 369 543 382 
153 492 201 474 256 468 302 468 337 463 264 474 323 496 359 509 388 518 248 494 308 522 345 541 372 556 228 516 282 543 316 561 343 575 205 540 242 563 265 578 286 591 445 378 424 394 411 400 404 399 390 396 442 355 483 381 509 401 531 417 464 343 509 371 534 394 552 413 481 341 518 362 538 381 552 397 493 342 519 354 532 367 541 378 
152 494 200 474 255 468 301 469 336 462 262 474 321 492 357 503 387 510 246 494 305 521 342 540 370 554 225 517 278 544 312 562 340 575 203 542 233 573 251 591 269 606 442 377 419 392 407 398 400 400 386 403 443 356 478 384 502 403 525 420 465 345 508 367 535 384 558 401 481 341 519 358 543 374 563 389 493 344 520 356 538 372 552 385 
152 495 199 475 255 468 301 468 337 459 261 474 318 491 355 501 385 508 245 494 301 520 338 538 366 552 225 518 274 545 309 563 337 575 202 543 230 575 248 594 266 609 444 377 416 391 404 398 399 401 386 403 440 358 477 387 500 405 521 420 466 347 507 370 535 388 559 405 483 343 520 361 543 377 565 392 496 344 521 355 537 369 551 380 
151 495 199 475 252 468 298 469 333 462 261 473 316 490 353 499 384 504 243 492 297 520 334 539 362 553 222 516 270 545 305 563 333 576 200 542 228 576 246 595 263 610 445 379 415 391 404 395 402 401 388 407 439 358 478 386 502 404 522 419 465 347 508 368 536 385 559 401 483 343 521 358 544 374 564 389 495 344 521 353 538 366 552 377 
153 495 201 476 254 468 299 469 334 465 262 474 316 490 353 500 384 506 243 493 297 520 334 540 362 554 221 516 269 545 303 564 331 577 199 542 227 575 245 594 262 609 443 379 416 390 405 394 404 401 393 407 442 356 477 383 500 402 521 420 468 346 509 367 537 386 559 405 484 343 522 358 546 376 566 391 496 346 523 354 540 367 555 377 
152 495 200 476 253 469 298 470 334 467 260 474 315 491 351 501 382 508 243 494 297 521 334 540 362 555 221 517 269 546 304 564 332 577 199 542 227 575 245 594 262 608 440 378 412 389 404 393 406 400 394 406 441 357 479 385 501 403 521 418 467 346 509 368 536 386 559 403 484 343 523 359 545 375 566 390 497 345 523 353 539 366 555 377 
151 495 199 475 252 469 298 471 334 471 259 475 315 492 351 503 382 510 242 494 297 520 333 540 361 554 222 517 269 546 304 565 332 578 199 542 226 575 243 594 260 609 435 377 410 387 403 392 404 400 394 408 441 357 478 385 500 402 519 418 467 346 508 366 536 384 559 402 484 342 522 357 545 374 566 390 498 344 524 351 540 362 555 373 
150 495 198 475 252 469 298 472 334 472 259 475 315 492 352 503 382 511 242 494 297 520 333 540 362 555 222 517 269 546 304 565 332 578 199 542 225 575 243 594 260 609 424 374 403 384 400 389 403 396 398 406 443 357 481 383 500 401 516 418 468 347 510 365 537 382 558 399 485 344 524 356 545 373 564 388 497 345 525 350 541 361 556 371 
151 495 199 475 253 469 299 472 336 473 260 475 315 492 352 503 382 511 243 494 297 520 333 540 361 555 222 517 269 546 303 565 331 578 199 542 226 576 243 594 260 609 411 361 396 377 398 387 405 397 401 407 446 362 483 388 503 405 519 420 466 349 510 366 538 385 559 401 479 344 521 357 546 372 567 386 489 344 522 350 543 360 561 369 
151 495 200 476 253 470 298 472 334 472 260 475 315 492 352 503 382 510 243 494 297 521 334 540 361 556 222 517 270 546 304 565 332 579 199 542 226 575 243 594 259 609 405 354 397 375 402 388 406 397 400 405 451 361 482 386 502 405 518 419 468 349 511 366 540 385 561 400 479 345 520 357 546 371 567 384 485 346 519 351 540 359 558 368 
152 495 200 476 253 470 299 472 334 473 260 475 315 492 351 503 381 511 243 494 297 521 334 541 362 556 222 517 270 546 304 566 332 579 199 542 226 575 243 594 260 609 401 356 394 376 400 387 404 396 401 407 453 361 484 385 504 403 522 418 469 349 513 366 540 384 562 399 478 346 519 357 544 371 564 386 483 348 517 351 537 357 554 367 
152 495 200 476 253 470 299 472 334 473 260 475 315 492 351 503 381 511 243 494 297 521 334 541 362 556 222 517 269 546 304 565 332 579 199 542 226 575 243 594 260 609 402 356 394 375 400 386 405 395 402 405 453 359 484 384 504 403 521 418 469 349 512 365 540 383 562 399 478 346 519 357 544 371 564 385 483 348 517 351 538 357 556 366 
153 495 201 476 254 469 299 472 334 474 261 475 316 493 352 504 381 512 243 494 297 521 334 541 362 556 222 517 270 546 304 566 332 579 199 542 226 575 243 594 260 608 402 355 395 374 401 385 406 395 402 405 453 359 484 385 504 403 520 419 470 349 513 365 540 384 561 399 479 346 520 357 545 371 566 386 484 348 518 351 539 357 557 366 
153 496 201 476 254 469 299 472 335 473 262 475 317 493 352 505 382 513 244 494 298 522 334 541 363 556 222 517 270 547 304 566 332 579 199 541 226 575 244 593 260 608 401 358 394 375 400 385 406 395 403 405 454 360 483 385 503 404 520 419 470 350 514 365 541 384 562 400 479 347 521 356 546 370 566 384 484 349 518 351 541 357 558 365 
152 496 200 475 254 469 300 471 336 473 262 475 316 493 352 505 381 513 244 494 297 522 334 541 362 556 222 517 269 547 303 566 332 579 199 542 226 575 244 593 261 608 401 355 394 373 400 384 406 394 403 405 454 360 483 384 503 403 520 419 470 350 513 365 541 384 562 400 480 347 521 357 546 370 566 385 484 349 518 351 540 357 557 366 
152 496 200 475 254 468 300 471 335 473 260 474 314 491 350 503 379 512 242 493 296 520 333 541 361 556 220 516 269 547 303 566 331 579 198 542 226 575 244 593 260 608 399 354 393 373 400 384 406 395 403 405 454 360 485 385 504 403 521 419 471 350 513 366 540 384 562 399 480 347 520 356 545 370 565 384 484 349 517 351 539 357 556 366 
153 496 201 475 254 468 300 470 335 473 259 474 314 491 349 503 378 513 241 492 296 521 332 540 361 555 220 516 268 546 302 565 331 577 198 541 225 574 243 593 260 607 400 356 393 374 399 385 405 395 404 405 454 359 485 385 505 404 521 419 471 349 513 366 540 385 562 401 480 347 520 357 545 371 565 385 485 349 518 351 540 357 558 366 
155 495 202 475 255 468 300 471 335 474 260 475 314 492 349 505 379 513 242 493 295 520 331 540 360 554 220 516 267 545 301 564 329 577 198 541 226 573 243 592 259 606 399 355 393 374 400 385 406 396 402 405 454 360 485 386 505 405 521 421 470 350 513 367 540 386 562 401 479 348 520 359 545 373 565 388 483 350 518 353 540 359 558 368 
153 496 199 475 253 469 299 472 335 474 260 475 314 492 350 505 379 514 241 493 295 521 332 541 360 556 220 516 267 546 301 566 329 579 198 541 226 574 243 593 260 607 399 357 393 375 400 385 407 395 404 405 454 359 485 385 505 404 522 420 470 350 513 367 540 385 562 401 479 348 519 358 544 372 564 386 483 350 517 352 538 358 556 365 
154 495 201 474 255 468 300 470 335 475 261 476 315 493 350 505 379 515 242 494 295 522 332 542 360 556 220 517 267 547 301 566 329 579 198 541 226 574 243 593 259 607 400 356 395 375 402 385 408 395 403 404 453 360 485 386 504 405 521 420 469 350 513 366 541 384 562 400 478 347 519 358 545 372 566 386 483 350 517 352 539 358 556 366 
152 496 198 475 252 469 298 472 334 474 260 475 315 493 351 506 380 515 242 493 296 521 332 542 361 556 220 516 267 547 301 566 329 579 197 541 225 574 243 593 259 608 399 357 393 375 401 386 408 396 402 405 454 359 485 386 504 405 521 420 469 350 513 366 541 385 562 401 478 348 519 358 545 372 565 386 482 350 517 352 539 358 556 368 
153 494 202 474 256 468 301 470 336 474 261 475 314 493 350 506 379 516 242 494 295 522 332 542 361 556 220 517 267 547 301 566 329 579 197 541 224 574 242 592 259 607 400 356 394 374 402 385 409 395 403 405 453 359 484 385 504 404 521 420 470 349 513 366 541 385 563 401 479 347 520 358 545 372 566 386 483 350 517 352 540 358 557 367 
152 495 199 475 253 469 298 472 333 475 260 475 314 492 350 505 379 515 242 494 295 521 332 541 360 557 220 517 267 547 301 566 329 579 197 542 224 575 242 593 258 608 400 357 394 376 402 386 408 396 403 405 453 359 485 385 505 404 521 420 469 349 513 366 541 385 563 401 479 347 520 359 546 373 566 387 483 350 518 352 540 358 558 367 
153 495 201 475 254 469 300 472 335 475 261 475 315 493 351 506 380 516 242 494 296 522 332 542 361 557 220 517 267 547 302 567 330 580 197 542 224 575 242 593 259 608 399 356 394 375 401 385 408 395 404 405 454 360 485 385 504 404 521 420 470 350 513 366 541 385 563 400 479 347 520 358 546 372 566 386 483 350 517 352 539 358 557 367 
153 495 200 475 254 470 299 473 335 475 261 474 315 492 351 505 379 515 243 493 297 521 334 542 362 558 221 516 269 546 303 566 331 579 198 541 225 574 243 593 259 607 400 356 393 375 400 385 407 394 404 403 453 359 484 384 505 402 523 418 470 349 513 366 540 385 562 400 479 347 519 358 545 371 565 385 483 350 517 352 539 358 556 367 
152 494 200 474 255 468 301 471 336 475 260 474 314 492 349 506 377 517 242 493 296 522 333 543 360 559 220 516 267 547 302 566 329 580 197 540 226 574 243 593 259 607 399 356 393 374 401 384 408 394 404 404 453 359 485 384 505 403 522 418 469 349 513 365 541 384 562 400 479 347 520 357 545 371 566 385 483 350 517 351 540 357 557 366 
153 494 202 474 256 468 301 471 336 476 261 475 314 492 348 506 377 517 242 494 295 522 330 543 358 558 220 517 266 547 300 566 327 580 197 541 224 573 242 592 258 607 399 356 393 374 401 384 408 394 404 403 454 360 485 385 505 403 522 419 470 350 514 366 541 384 563 399 479 347 520 358 546 371 566 385 483 350 517 351 539 357 557 366 
148 495 195 475 250 469 297 472 333 475 256 473 309 490 344 504 372 515 238 493 293 520 329 541 356 558 218 516 265 546 299 565 326 579 195 541 224 573 241 592 258 607 399 356 393 374 400 386 407 395 404 404 454 359 485 385 505 403 522 419 470 350 513 366 540 385 562 400 479 348 519 358 545 372 565 386 483 350 517 353 540 359 558 368 
151 494 198 475 253 469 299 472 334 475 255 472 309 488 345 501 373 512 238 492 291 517 328 538 356 554 218 516 265 543 300 561 328 574 196 541 224 573 242 592 260 607 400 356 394 375 401 385 408 395 404 404 454 359 485 385 506 403 523 419 470 350 513 367 541 385 563 401 479 348 519 358 545 372 564 386 483 350 517 352 539 359 556 367 
150 495 197 475 252 469 298 472 334 475 255 472 309 487 344 500 372 511 238 492 291 517 328 538 355 554 218 516 265 543 300 561 328 574 196 541 224 573 243 592 260 607 400 356 394 375 401 385 408 396 403 405 454 359 485 385 505 404 522 419 470 350 513 367 540 385 562 401 479 348 520 359 545 373 565 387 484 350 518 353 540 359 558 368 
151 495 198 475 252 469 299 472 335 474 256 472 309 488 345 501 373 511 239 492 291 517 328 537 355 553 218 516 265 543 300 560 328 574 197 541 225 573 244 591 261 607 399 357 393 375 401 385 408 395 403 405 454 359 485 385 505 403 522 419 470 350 513 367 540 386 562 401 479 348 519 359 545 373 565 387 482 350 517 352 538 359 556 368 
150 495 197 474 252 468 298 471 334 474 256 472 310 489 346 502 374 512 240 492 292 517 328 538 355 554 219 516 266 542 300 560 328 573 198 541 226 573 244 592 261 607 399 356 393 374 400 384 408 394 404 404 453 359 485 384 505 403 522 418 469 350 513 367 540 385 562 400 478 348 519 359 544 372 565 386 483 350 516 352 538 358 556 367 
151 493 199 474 253 468 299 471 334 474 257 473 311 490 346 503 375 514 240 492 292 517 329 537 356 553 219 516 266 542 300 559 328 573 197 542 225 573 243 591 261 606 398 357 392 374 399 384 406 394 404 404 453 359 484 384 505 402 522 418 469 349 512 366 540 385 563 400 478 348 518 358 544 371 565 384 482 350 515 352 537 357 555 366 
151 493 198 474 252 468 297 472 332 475 258 473 313 493 349 507 378 518 241 491 294 516 330 535 358 550 220 514 266 540 300 558 329 571 197 540 224 572 243 591 261 606 399 356 393 375 400 385 407 395 405 404 452 358 484 385 504 404 521 421 468 349 513 365 540 384 562 400 478 347 519 358 545 371 566 385 483 350 518 352 540 357 559 365 
151 492 199 474 253 469 299 472 335 474 258 473 313 493 349 508 377 520 241 491 295 515 331 534 359 549 220 514 266 540 301 557 330 571 197 540 223 572 243 590 261 606 399 357 393 375 401 385 407 394 404 403 453 359 484 386 503 405 520 422 469 350 514 366 541 385 563 400 479 347 520 357 546 371 566 384 483 350 518 352 540 357 558 365 
151 492 199 474 253 469 300 472 336 474 258 473 313 493 348 508 377 520 241 491 294 515 331 534 359 549 220 514 266 540 301 557 330 571 196 540 223 572 243 590 261 606 400 356 393 374 401 383 407 394 404 403 454 359 484 386 503 405 520 421 470 350 514 367 541 385 563 400 479 347 520 358 545 370 566 384 484 350 518 352 540 358 558 366 
151 492 200 474 254 468 300 471 335 474 258 472 312 492 348 507 376 518 241 490 294 515 330 534 359 550 220 514 266 540 301 558 330 571 197 540 224 572 242 591 260 606 400 357 394 375 402 385 407 394 404 402 453 359 483 385 502 404 519 420 470 350 513 366 540 384 562 400 479 348 520 357 545 370 565 383 484 350 518 352 540 358 558 366 
139 494 186 476 231 477 262 494 280 510 247 468 301 474 335 483 363 492 233 488 289 510 326 528 353 544 216 512 266 536 300 555 327 570 197 538 232 567 252 583 271 598 401 356 393 375 399 384 404 388 402 398 450 355 483 370 506 386 525 402 467 345 507 356 534 376 553 395 476 344 514 351 538 368 556 386 481 347 511 351 531 361 547 373 
142 496 189 475 234 474 267 486 288 499 242 464 293 464 327 470 356 476 228 485 283 504 321 520 351 534 213 511 263 534 300 550 329 562 198 537 236 564 258 579 279 591 407 364 397 380 401 386 405 390 400 395 448 354 473 347 495 357 513 371 468 353 502 347 525 363 540 384 479 359 511 354 532 371 545 392 484 366 508 365 523 377 535 392 
140 496 196 486 249 471 293 463 322 450 229 447 272 428 307 426 335 428 212 460 246 449 279 453 305 460 198 484 230 486 259 492 281 497 187 514 216 530 240 540 263 550 415 355 400 378 399 388 400 385 394 374 435 336 445 312 462 312 479 318 459 329 485 312 503 328 513 349 476 332 503 324 519 343 528 367 488 340 510 339 522 353 532 370 
139 503 203 490 253 473 289 462 321 454 224 444 271 435 304 439 334 445 203 453 236 435 269 439 297 447 183 475 206 458 236 457 263 459 168 507 180 513 197 516 216 520 407 366 397 379 391 379 392 373 395 363 430 320 450 314 465 332 473 353 448 316 468 286 486 295 498 311 464 321 486 301 509 310 525 325 476 331 498 323 515 329 530 339 
145 498 203 485 254 470 291 462 322 457 229 437 276 435 310 443 338 452 206 449 248 440 286 447 317 456 185 473 215 463 246 466 273 470 168 504 187 512 206 518 224 525 417 369 402 378 392 375 392 368 397 358 427 320 447 302 462 315 471 334 449 318 466 285 486 294 500 309 466 322 486 299 506 308 521 321 478 332 499 321 514 328 526 336 
147 497 194 479 241 465 280 462 312 461 225 435 271 428 304 430 332 435 208 451 260 452 299 463 331 474 194 476 240 482 275 492 302 500 183 506 216 520 239 527 262 534 422 374 400 380 387 373 388 369 394 355 419 321 431 284 445 283 455 294 442 322 467 288 479 304 479 327 460 330 488 309 497 329 491 353 471 343 496 329 505 345 500 365 
148 495 198 482 248 470 288 468 320 465 231 436 280 440 312 451 339 463 209 450 258 450 294 459 325 468 192 474 234 478 266 485 292 493 180 505 213 518 236 528 258 537 417 374 400 380 388 376 386 369 390 355 419 318 446 319 460 346 466 373 443 314 463 284 481 296 491 317 461 318 483 297 498 310 504 329 474 327 496 320 509 329 515 341 
148 494 195 481 242 472 281 477 312 481 230 435 280 433 314 443 341 454 208 450 260 450 297 460 328 470 192 475 237 480 271 489 298 497 181 506 215 519 239 528 263 537 418 377 399 382 386 375 384 367 390 356 418 319 444 315 460 340 468 365 443 317 462 286 481 300 493 320 462 321 482 298 500 313 510 332 475 332 496 320 509 330 517 341 
148 494 194 476 244 465 287 469 321 474 229 436 279 433 314 438 343 444 209 454 263 457 304 467 336 478 193 481 244 488 280 497 309 505 183 513 220 528 245 537 267 545 423 376 403 381 389 376 386 371 384 358 423 327 432 293 446 291 458 299 446 328 472 301 485 323 485 348 463 335 488 319 499 343 495 367 473 345 498 332 508 348 505 367 
147 494 196 480 244 471 283 478 312 485 232 435 284 440 318 453 345 468 210 450 264 452 303 464 334 475 193 475 238 479 272 487 299 495 180 507 215 522 240 532 262 540 423 374 402 381 389 378 384 370 382 352 417 323 445 324 460 353 466 378 443 320 464 290 477 311 481 333 463 323 485 301 494 323 493 345 477 330 498 317 505 334 504 352 
148 493 195 476 242 467 281 473 313 481 232 434 286 437 320 447 348 459 211 451 267 455 306 466 337 477 194 478 243 483 278 493 307 501 182 509 216 523 241 531 265 539 420 375 401 383 390 377 385 369 381 354 417 321 444 323 458 352 463 376 442 316 466 288 480 312 487 338 462 317 485 298 497 320 499 344 476 324 499 314 508 332 510 351 
147 495 187 473 231 462 271 469 301 481 228 435 285 438 320 447 348 455 211 454 272 460 312 469 343 477 197 481 250 491 285 500 314 507 186 511 222 525 246 533 268 539 428 376 405 384 389 378 385 372 382 356 419 328 439 304 454 318 462 335 445 327 466 297 486 319 494 341 464 330 485 306 504 326 509 349 477 338 498 322 513 336 516 354 
147 496 187 474 231 464 269 473 299 487 231 437 287 443 322 452 349 460 212 456 273 464 312 476 342 484 197 483 251 498 286 511 314 517 186 513 224 531 245 540 265 547 426 377 403 384 389 375 386 366 380 350 420 325 430 291 446 294 460 307 445 324 468 296 484 313 489 334 464 328 488 307 501 324 503 347 477 335 501 320 514 332 516 350 
146 493 191 476 242 468 283 471 314 475 232 441 285 446 318 455 347 463 213 454 267 455 303 459 332 464 197 478 244 487 275 494 302 498 184 509 218 527 239 537 260 547 413 375 399 382 389 377 386 367 379 351 420 323 446 333 458 359 462 384 443 320 471 299 492 316 507 339 460 322 486 310 507 324 520 342 471 329 494 319 507 329 516 340 
148 493 192 476 245 466 288 465 321 466 230 442 285 442 320 449 351 456 212 455 261 452 296 454 325 458 197 480 244 488 275 496 301 500 186 512 222 527 243 536 264 544 415 371 400 381 389 378 385 370 384 358 421 323 446 335 456 362 458 387 443 318 470 303 490 320 504 343 459 321 483 309 501 322 514 339 470 328 491 320 503 326 513 334 
150 495 188 472 230 463 264 471 290 482 229 440 281 432 316 433 346 433 213 458 267 460 306 464 337 468 203 484 258 501 297 512 327 519 197 514 247 530 276 539 301 545 419 377 397 381 386 371 384 363 379 347 420 325 438 294 453 311 460 333 446 329 472 302 486 328 485 352 465 337 490 318 500 344 497 369 477 347 502 333 514 349 513 368 
151 496 190 475 233 464 270 471 298 481 235 438 288 433 324 436 353 439 216 454 270 455 309 461 339 467 203 480 256 494 294 507 323 517 196 512 247 526 276 534 301 541 421 375 398 381 387 371 383 364 376 350 418 321 437 297 452 313 460 335 445 325 472 298 483 326 482 352 465 332 489 314 498 340 492 366 477 341 501 330 509 348 505 368 
145 496 189 478 235 470 274 477 304 484 225 437 271 419 306 418 334 421 207 452 259 445 301 452 333 464 197 478 254 487 294 501 322 514 193 509 244 518 276 524 302 530 408 378 390 381 382 370 389 363 404 358 419 325 442 319 454 345 459 368 443 325 467 296 482 322 487 347 461 329 486 309 500 332 500 356 473 337 497 324 508 342 506 361 
150 493 192 475 240 462 279 463 310 466 229 435 283 425 320 431 349 438 211 450 264 445 304 453 335 462 198 474 247 478 287 487 318 493 190 505 234 513 266 519 293 525 413 378 392 380 382 368 394 363 413 362 418 327 429 303 445 309 462 320 443 325 462 293 483 304 498 321 461 330 482 308 503 319 518 334 475 341 495 328 511 336 522 346 
147 498 194 485 246 473 287 474 318 473 229 438 283 436 319 444 348 453 209 449 265 442 305 449 338 458 195 472 246 474 282 480 311 486 186 502 230 510 259 517 285 524 414 377 393 380 382 369 394 362 414 360 418 325 430 304 446 307 464 316 443 324 461 294 482 300 498 313 461 329 480 306 500 312 513 323 475 340 494 324 509 327 519 334 
149 498 191 474 241 457 284 454 317 451 223 435 261 416 294 412 322 411 209 452 272 455 314 467 346 478 199 476 261 486 302 496 334 503 193 506 242 512 271 517 297 520 422 374 403 380 392 374 398 369 417 364 420 325 432 309 449 314 468 326 444 320 456 291 474 288 493 291 462 323 480 300 499 300 517 305 475 332 493 318 506 322 518 328 
153 494 192 473 235 458 273 457 303 458 233 433 289 433 324 437 353 441 215 448 272 448 312 455 344 461 202 473 255 478 293 486 323 492 194 504 237 513 264 519 290 523 420 373 399 381 388 372 401 369 423 367 416 324 425 294 440 289 455 291 442 322 463 288 478 299 484 316 460 327 487 305 498 321 498 343 473 338 498 327 507 342 505 361 
153 496 194 476 244 461 288 462 323 463 229 433 282 422 320 426 348 434 212 449 270 447 311 454 343 462 201 475 255 480 295 488 325 494 194 505 239 513 268 519 294 523 420 373 400 381 389 373 400 369 422 367 416 324 429 297 443 301 456 310 441 320 460 283 475 295 483 313 460 325 485 300 499 318 501 339 473 336 497 323 509 337 509 355 
146 494 184 472 231 458 271 459 300 465 229 432 287 435 322 444 350 451 212 446 274 445 315 453 347 461 198 471 254 471 290 476 319 480 189 501 232 510 258 516 282 521 426 370 406 380 392 376 397 375 415 373 417 327 435 312 453 323 466 340 443 321 459 286 480 297 492 315 463 324 482 296 500 307 508 322 478 332 500 320 515 328 521 340 
150 496 188 471 233 453 274 449 306 449 225 429 279 418 317 419 346 422 211 447 271 445 313 451 344 456 202 473 255 479 293 485 322 487 195 503 237 515 262 522 285 528 424 378 402 382 387 376 390 371 405 368 420 326 426 298 438 292 453 291 443 324 464 294 481 304 489 321 460 330 484 307 497 320 499 340 471 341 494 329 506 340 508 356 
150 494 191 474 241 458 284 458 317 460 229 430 285 422 322 428 350 435 212 446 270 444 308 449 339 452 200 473 252 474 288 478 316 479 192 504 233 516 259 524 283 529 427 378 405 384 389 376 392 371 407 366 418 328 425 302 437 295 449 295 442 324 462 293 479 303 489 318 459 327 480 303 497 315 504 332 471 336 491 319 505 327 510 341 
145 497 193 485 242 473 282 476 313 478 220 435 269 413 307 413 337 417 201 447 243 428 284 432 317 440 192 471 235 466 277 475 309 484 191 502 237 505 269 510 297 516 425 377 405 386 389 380 392 374 406 368 415 331 421 310 432 304 447 301 440 325 455 298 473 295 491 303 458 328 482 316 500 325 511 341 470 338 492 335 503 347 509 363 
151 495 193 475 239 458 277 455 308 454 227 429 276 416 313 418 342 423 209 445 264 441 304 447 335 452 197 470 249 476 288 483 318 488 190 500 236 509 266 514 292 518 415 374 396 380 382 374 386 370 402 367 409 325 429 318 449 331 467 348 434 321 452 295 473 297 492 307 454 324 475 302 495 305 511 315 469 333 490 318 507 319 519 325 
149 498 188 476 232 459 272 458 301 458 225 429 274 418 308 418 335 419 209 445 268 445 309 455 340 464 199 470 255 479 293 488 322 495 193 499 238 509 265 514 289 518 427 375 406 383 388 378 386 374 397 372 415 326 428 311 447 318 464 331 440 322 456 296 477 298 495 310 460 325 477 303 496 305 511 314 474 334 493 318 508 316 520 319 
147 497 194 485 243 470 284 470 314 468 228 431 283 434 317 442 345 450 209 443 264 436 303 441 334 446 196 467 242 464 277 466 304 468 188 498 228 507 254 513 276 519 423 378 401 382 386 374 381 363 373 353 420 321 427 291 439 276 453 263 443 321 461 296 479 302 493 316 460 327 482 314 498 326 507 344 472 337 492 327 504 336 510 350 
152 495 196 476 243 462 280 461 310 461 229 429 280 418 315 422 343 429 211 444 263 436 304 441 336 446 199 469 248 473 286 479 315 483 193 499 239 509 269 517 295 521 425 377 403 387 386 383 381 376 375 366 413 335 422 313 437 317 453 326 439 330 452 299 470 300 486 309 459 332 477 312 495 314 510 323 474 340 494 329 509 331 521 338 
150 496 196 480 244 465 282 463 310 461 228 431 280 417 314 423 343 432 208 445 262 434 301 439 333 445 195 468 245 469 282 476 312 481 189 498 234 507 264 516 290 523 422 378 402 386 387 382 381 373 375 364 411 331 419 308 433 308 450 314 437 325 452 295 470 295 487 305 457 327 480 309 499 316 512 330 471 337 495 326 511 332 522 342 
152 498 201 479 251 457 289 445 320 435 228 428 274 409 309 414 337 422 208 444 258 434 297 441 328 447 196 469 242 468 282 476 312 482 189 500 231 508 261 515 288 522 420 376 400 384 387 379 387 375 391 366 412 325 426 302 439 314 448 333 437 321 452 288 472 295 485 311 456 324 478 302 497 314 506 333 469 334 493 321 507 331 512 347 
152 497 197 477 247 461 287 459 318 461 234 427 292 429 330 435 360 441 213 441 270 437 310 447 341 456 199 466 249 466 286 475 315 482 191 497 235 507 263 516 286 523 429 379 406 387 389 381 386 377 383 366 415 327 423 294 440 302 451 317 440 324 454 288 474 297 486 315 459 326 476 299 495 310 505 327 473 334 494 319 510 327 519 339 
151 497 197 478 248 463 291 460 323 460 233 429 291 427 329 432 359 435 212 442 268 436 307 444 340 451 198 467 247 467 285 476 314 483 191 499 234 506 262 515 286 523 423 379 401 382 384 375 381 371 384 367 414 325 423 291 435 289 445 298 440 324 457 289 474 297 481 313 459 330 481 301 498 314 503 333 471 341 495 325 511 334 516 350 
149 496 194 477 242 460 282 459 314 459 229 427 282 417 318 425 347 434 210 443 266 439 306 448 339 456 197 469 249 470 287 480 318 488 190 499 232 507 260 515 286 521 421 377 399 386 385 380 382 374 379 365 413 331 424 302 439 314 450 331 439 327 455 291 474 302 483 320 457 330 479 304 496 318 503 337 469 339 491 324 506 335 512 349 
151 495 198 479 248 464 288 463 321 462 229 427 281 410 317 417 345 428 209 442 264 434 304 442 334 450 196 467 247 468 286 476 316 482 189 497 232 505 261 512 286 518 419 380 400 383 385 373 382 364 374 353 416 318 417 287 425 271 436 257 440 317 455 287 475 291 488 306 456 324 480 316 491 338 493 362 467 337 488 334 494 352 492 373 
149 498 194 477 243 457 286 451 319 446 226 425 274 409 310 411 339 415 208 441 266 438 307 448 339 458 197 467 253 473 294 482 325 490 190 498 235 504 264 510 290 515 422 380 402 382 386 373 380 361 370 351 416 315 416 286 424 270 434 257 438 315 453 286 472 291 486 305 455 322 477 309 488 324 491 344 468 336 487 330 494 347 494 366 
149 497 197 479 244 462 283 461 315 460 229 427 284 421 320 424 350 430 209 441 266 436 307 442 341 448 195 466 247 465 286 471 317 476 187 497 227 505 254 512 280 518 425 376 403 386 386 382 380 375 378 366 412 334 420 312 436 319 451 331 438 326 448 292 467 294 484 303 458 326 475 304 496 308 511 317 472 333 491 321 506 326 516 334 
147 497 187 473 231 453 270 449 302 450 223 425 278 413 314 418 342 425 208 442 268 440 309 448 341 457 197 468 254 472 293 480 324 486 190 498 231 509 257 515 282 521 422 381 402 385 386 379 385 372 388 363 418 328 421 300 431 291 444 287 442 325 457 296 475 298 488 311 459 330 477 307 492 316 500 332 471 341 493 331 506 341 511 357 
147 496 194 478 243 463 284 463 318 464 227 426 283 415 319 422 347 431 209 442 268 437 309 446 341 454 196 468 250 466 288 474 319 479 187 499 227 507 254 514 279 520 424 380 402 384 386 377 383 370 390 365 417 327 422 300 433 291 447 288 441 325 458 297 475 300 488 312 458 330 478 309 494 317 502 333 470 340 491 328 504 336 511 350 
145 499 190 478 240 459 283 453 316 448 223 427 271 410 306 411 334 415 207 442 265 437 306 445 338 453 196 467 252 473 292 481 323 489 190 498 232 509 258 516 282 522 426 379 406 387 388 378 389 372 406 371 414 329 418 303 431 300 446 308 440 324 451 292 470 291 487 302 459 327 477 303 496 305 510 317 473 337 494 322 510 324 520 332 
147 495 193 476 243 461 285 463 318 467 228 427 283 417 319 422 347 430 210 443 268 437 310 443 343 449 197 469 250 468 288 474 319 478 189 500 228 509 255 516 279 522 431 380 405 385 386 379 386 377 400 377 415 328 418 300 428 288 439 282 440 325 460 298 476 304 486 319 458 331 485 324 494 346 494 369 471 342 493 335 498 352 494 372 
148 496 191 477 240 461 283 460 317 461 227 426 283 414 318 419 345 427 209 443 269 439 310 447 342 455 197 468 253 472 292 481 322 487 190 499 231 510 256 517 280 523 430 381 404 387 385 381 382 375 392 373 415 328 417 299 428 287 440 279 440 325 460 295 474 305 480 323 458 329 485 321 491 345 487 370 471 339 492 331 496 349 492 370 
146 495 190 475 242 457 284 454 317 454 231 426 289 428 327 433 357 437 212 440 271 435 310 443 341 451 197 465 250 462 288 468 318 472 187 497 228 508 254 516 277 524 420 380 396 385 377 377 374 371 386 366 407 324 425 304 442 320 452 340 431 321 452 290 475 306 487 328 451 324 475 296 495 314 503 335 464 334 488 317 503 329 507 345 
149 499 190 474 240 452 284 444 319 438 225 427 276 415 310 411 337 408 211 444 272 444 314 453 346 461 201 471 259 476 298 484 328 489 196 502 237 515 262 523 285 529 421 381 397 385 380 377 379 372 387 368 413 324 423 303 436 315 445 331 435 321 449 299 466 316 476 336 454 325 473 302 489 315 496 332 467 334 490 326 502 341 505 358 
149 496 189 470 241 451 287 445 323 442 226 427 278 415 313 414 340 415 211 445 272 443 315 450 347 457 201 472 258 474 297 480 328 483 195 502 237 515 263 522 287 528 421 378 397 383 382 377 380 371 385 363 413 324 430 291 449 298 464 314 437 324 455 292 476 299 487 316 455 330 478 309 493 325 498 346 466 343 489 336 499 351 500 370 
151 496 186 468 228 448 266 444 296 445 226 425 284 416 320 422 347 428 212 442 274 439 315 446 346 452 202 468 260 469 300 473 331 476 196 499 240 510 269 516 294 520 424 379 403 384 384 377 380 371 383 361 412 324 426 297 443 302 456 312 435 322 451 294 469 308 478 328 453 328 477 315 493 334 497 356 468 340 489 329 497 346 495 365 
146 496 193 482 246 465 291 462 324 458 229 430 289 427 328 427 360 427 211 442 271 434 312 436 344 438 198 466 252 461 289 461 318 460 190 496 229 506 253 512 275 518 417 379 399 384 385 377 378 365 371 348 416 325 433 320 452 337 465 355 439 321 455 292 473 295 487 309 456 324 480 310 497 322 506 339 467 334 490 327 501 337 508 351 
144 498 188 480 239 462 282 458 315 459 227 430 284 430 320 434 349 436 211 443 272 437 312 439 344 441 199 467 253 461 288 461 317 460 190 498 227 505 250 511 272 516 420 378 398 384 381 375 375 360 371 341 412 330 421 315 437 320 455 329 437 325 449 294 468 295 484 305 455 328 478 313 496 327 505 345 468 338 490 331 503 342 508 356 
149 496 190 473 239 457 282 456 317 457 228 427 285 420 322 423 349 428 212 444 272 440 313 446 345 450 201 470 256 471 294 475 324 476 193 501 232 514 258 520 281 526 422 379 396 382 378 370 371 353 366 331 413 326 422 308 436 317 447 331 438 323 451 288 469 301 479 320 457 327 476 302 492 319 496 340 470 336 491 322 503 334 505 351 
147 497 189 476 240 461 287 463 324 466 225 428 281 415 317 419 345 425 210 444 272 440 314 445 345 452 200 470 261 476 300 482 330 486 194 500 239 514 266 521 288 527 423 383 397 384 379 369 372 351 367 330 417 323 429 309 446 320 459 335 442 321 457 290 475 297 487 312 460 325 479 300 496 310 504 325 472 334 493 320 507 327 513 339 
147 497 187 472 233 453 275 448 307 447 224 426 274 413 308 414 335 419 210 443 272 444 313 452 344 458 202 469 263 480 302 488 332 493 196 499 243 515 270 524 293 530 421 379 397 383 378 371 373 353 367 332 414 328 424 302 436 301 447 303 439 324 454 291 471 297 481 312 458 329 478 305 495 316 502 334 471 340 493 327 507 339 511 355 
142 499 195 491 245 475 285 470 318 464 224 433 277 430 314 435 344 441 205 444 261 435 301 438 334 443 190 466 237 461 274 463 306 465 179 497 210 506 232 510 254 515 416 380 394 382 379 371 381 356 396 343 414 321 427 300 443 308 459 321 438 317 450 286 470 284 488 290 456 319 471 294 491 291 509 295 469 328 486 308 502 306 516 309 
144 496 181 470 222 452 260 445 290 443 219 428 271 418 306 416 332 415 206 448 268 453 308 460 338 466 195 475 251 483 284 488 312 489 187 505 220 516 229 519 238 519 422 373 398 382 380 371 378 354 388 335 418 324 433 305 453 306 475 311 443 317 458 291 478 288 499 288 460 317 478 295 496 292 513 293 473 322 492 303 506 298 519 296 
144 493 186 475 235 463 277 468 311 472 223 429 280 425 317 429 345 433 206 446 265 447 304 453 336 456 192 474 243 477 278 482 307 481 182 506 211 516 223 520 235 521 420 379 396 382 380 368 379 351 386 334 418 323 431 296 445 292 462 294 443 323 460 295 479 294 495 302 462 327 481 304 498 303 512 312 475 336 494 316 509 313 520 317 
145 493 188 473 235 459 276 460 310 464 223 428 279 420 316 424 343 430 207 445 266 444 306 450 337 455 195 471 249 473 286 478 316 481 186 501 219 510 243 515 265 519 427 377 400 382 381 369 378 351 379 327 415 324 424 299 434 292 444 290 440 320 454 288 471 291 484 303 458 324 476 297 493 301 504 314 472 333 492 316 507 318 516 327 
143 493 193 482 241 470 280 470 312 469 227 431 285 434 323 438 356 442 209 443 266 442 305 448 339 452 192 468 241 468 274 471 303 472 178 500 203 510 221 515 242 520 414 375 398 381 385 369 383 350 388 328 423 318 453 314 474 326 492 336 442 310 464 285 486 272 510 263 454 310 473 287 490 273 508 262 463 314 475 303 483 298 494 292 
141 493 190 480 237 471 275 473 307 476 226 432 281 437 316 446 345 455 208 445 266 445 305 452 338 458 192 470 240 473 269 479 295 481 178 502 202 514 219 520 238 526 418 377 399 382 388 368 389 348 395 329 425 317 454 315 476 326 494 337 442 308 463 282 487 268 512 256 453 308 470 283 488 268 508 256 461 314 473 299 483 291 496 284 
150 495 198 473 254 467 300 469 334 473 257 462 313 486 348 500 375 511 235 478 299 509 338 530 368 545 215 501 270 537 302 561 326 579 195 527 230 558 250 580 266 597 423 373 403 383 390 377 385 368 380 357 435 328 466 347 489 367 508 384 455 319 494 326 520 338 543 348 468 318 503 326 527 336 547 345 477 320 504 321 522 330 536 338 
162 493 208 474 258 470 300 471 334 471 269 481 329 499 365 508 392 513 254 500 313 528 349 542 374 551 234 522 282 550 314 565 340 574 210 544 235 573 253 588 268 599 436 383 409 391 395 389 386 382 372 375 436 346 467 367 487 387 505 405 459 336 498 357 523 379 543 398 476 333 511 348 534 366 553 382 489 335 514 343 531 357 545 371 
160 491 207 474 260 472 303 474 338 471 272 484 329 503 364 513 393 519 257 504 312 530 347 545 375 556 236 526 282 554 313 571 339 581 210 547 235 575 253 592 268 606 435 383 410 394 399 397 391 392 374 387 437 360 475 388 500 408 523 423 459 346 500 375 528 396 551 413 475 342 511 362 535 379 555 393 487 343 512 354 529 370 543 383 
154 488 204 473 259 473 304 472 338 465 268 490 323 519 358 536 385 549 251 509 306 549 340 574 365 592 227 529 272 572 301 599 325 617 201 547 227 586 244 609 259 627 444 385 418 399 405 407 394 403 383 396 441 375 477 402 504 419 527 434 462 359 501 391 529 412 551 430 478 351 515 375 538 396 555 413 493 348 518 368 534 387 545 404 
157 490 206 475 260 475 303 475 337 469 269 491 325 523 358 542 384 556 251 509 305 550 340 574 365 591 227 529 273 571 303 597 328 615 201 547 227 585 244 608 261 627 445 382 416 396 403 405 398 405 390 400 444 377 483 411 509 430 532 446 465 362 508 400 535 422 559 439 480 354 520 385 542 408 561 424 493 351 523 374 538 395 550 410 
156 489 204 473 258 473 302 475 338 472 267 490 324 520 356 540 382 555 249 509 305 548 339 573 364 591 226 529 273 570 304 596 329 614 200 548 227 585 245 607 262 625 441 377 412 390 399 401 396 404 390 399 443 372 478 408 501 426 522 442 467 359 506 395 533 418 555 438 484 352 522 385 544 407 563 426 497 351 525 376 540 397 553 414 
159 489 207 473 261 473 305 476 339 473 269 490 325 519 358 538 383 554 251 509 306 547 341 571 365 589 228 529 276 569 306 594 330 612 202 548 228 585 247 606 264 624 424 375 404 386 397 397 397 401 393 396 445 373 481 410 503 429 523 445 467 360 508 397 534 420 555 439 483 354 523 385 543 408 562 427 495 354 525 375 541 395 556 411 
188 466 238 452 292 453 332 454 364 450 304 466 361 496 393 517 417 534 289 485 347 526 381 552 405 573 267 506 317 548 346 575 368 596 241 527 269 566 285 589 299 607 405 361 393 380 396 397 403 404 402 403 446 377 484 406 506 425 523 439 465 361 509 396 535 420 555 439 477 353 519 385 542 408 561 426 485 350 520 371 539 389 554 404 
201 457 251 443 304 443 345 443 376 436 318 452 374 479 405 498 429 514 304 471 361 509 395 534 420 554 283 492 336 531 365 554 387 573 258 514 286 550 302 573 316 591 408 354 396 378 396 394 399 401 397 399 448 375 484 404 505 422 522 436 466 361 509 395 534 418 552 435 478 354 518 384 540 405 557 423 485 351 519 371 538 389 552 404 
238 443 292 424 346 424 389 426 423 418 358 434 418 460 453 479 480 494 346 451 406 490 445 517 472 538 324 473 377 512 412 539 440 559 298 496 329 532 349 555 367 573 409 353 396 376 395 391 397 399 400 403 447 368 480 398 500 419 517 434 466 356 506 389 530 414 549 433 479 351 517 379 540 403 556 422 487 351 519 370 538 388 552 402 
230 456 284 445 341 449 388 452 428 449 354 466 411 500 447 524 475 543 334 484 391 532 425 564 449 589 306 503 357 553 384 586 406 611 273 520 297 563 312 591 326 613 410 355 398 376 398 391 398 394 395 392 449 366 481 395 502 416 519 431 468 354 508 386 531 411 550 430 480 350 518 378 541 400 558 419 487 350 520 369 539 386 554 400 
215 463 270 453 330 461 377 468 417 466 338 478 396 514 430 540 456 560 317 498 372 548 403 581 424 608 288 517 333 569 357 602 376 628 254 534 274 579 285 605 296 626 409 354 397 377 400 393 401 396 396 390 449 367 481 397 501 417 518 432 467 355 508 388 532 412 550 430 479 350 518 378 540 400 555 419 485 350 519 367 539 385 553 399 
168 482 218 480 272 491 314 498 349 495 269 511 319 557 343 585 361 609 240 529 277 587 300 625 315 655 205 543 231 600 249 638 263 669 171 552 177 595 183 625 188 652 410 355 397 378 398 394 398 396 395 391 448 368 481 394 502 413 519 429 467 355 507 385 531 409 549 428 479 351 516 376 540 398 557 417 485 350 518 367 538 383 554 397 
127 473 178 466 235 480 280 491 315 488 234 498 282 542 309 571 331 594 208 515 249 572 273 612 291 642 176 530 207 585 227 622 243 651 143 540 152 588 158 617 164 642 412 356 399 379 399 394 399 398 397 397 448 368 481 393 502 412 520 427 466 355 508 384 533 409 550 428 478 350 517 376 540 398 558 418 485 350 518 367 537 383 553 398 
120 466 175 461 232 474 277 484 313 482 231 492 281 533 311 561 334 585 208 510 250 564 277 601 295 631 179 525 210 582 232 616 250 642 147 536 158 584 165 611 173 635 411 355 398 379 398 394 400 399 400 397 448 369 482 394 503 412 520 427 466 356 508 383 533 408 551 427 478 350 517 375 540 398 558 417 484 350 516 366 536 382 552 396 
148 453 201 444 257 453 300 462 335 458 265 468 318 502 349 527 372 547 246 486 296 536 326 570 347 594 220 504 260 553 286 584 307 608 188 520 203 563 215 589 227 609 412 356 399 378 399 394 399 398 396 397 448 367 482 393 503 412 521 427 466 354 508 383 532 408 550 428 478 349 517 375 540 398 557 417 485 350 518 367 537 383 553 397 
171 454 222 441 277 448 322 454 356 448 287 460 343 494 374 518 397 537 268 478 322 525 353 557 373 582 242 495 288 543 316 573 337 597 214 512 235 556 247 582 258 604 413 355 400 378 401 394 401 399 396 398 447 367 481 393 502 412 520 427 466 355 508 384 532 409 549 429 478 350 517 376 539 399 556 419 485 350 518 367 538 383 554 397 
173 453 223 439 278 447 322 455 356 446 288 462 344 495 377 518 402 536 268 480 323 525 355 556 377 580 243 497 290 545 319 575 342 597 215 513 237 557 251 582 264 602 413 355 400 378 401 393 400 399 396 399 448 367 482 392 503 411 520 426 466 354 507 383 531 408 549 428 478 349 516 375 539 398 556 418 485 350 517 366 537 382 553 397 
172 451 222 439 277 447 321 455 355 447 289 462 344 495 376 518 401 537 269 479 323 524 355 556 376 580 243 496 289 544 318 573 341 596 215 512 236 556 249 582 263 603 413 354 400 377 400 393 401 399 400 399 448 367 482 392 503 411 520 425 466 354 507 383 531 407 549 427 478 349 515 375 539 397 556 417 484 349 516 366 536 382 552 396 
168 453 219 440 274 449 319 457 353 451 285 463 341 496 373 520 398 540 265 480 319 527 351 559 373 584 240 498 285 547 315 577 338 600 212 515 234 559 247 585 259 606 410 356 398 378 400 393 401 400 401 401 448 366 482 391 503 410 521 425 466 354 507 382 531 407 549 427 478 350 516 374 539 397 555 416 484 350 516 366 536 382 552 396 
167 453 218 441 274 450 318 458 353 452 286 464 340 498 373 521 398 541 266 482 319 528 351 559 373 584 240 499 285 548 315 578 337 601 211 514 231 560 244 586 257 607 412 356 399 379 400 394 401 400 400 399 447 367 481 391 503 410 520 424 465 354 507 382 532 407 549 426 477 350 516 374 539 397 556 417 484 350 517 366 536 382 552 396 
162 453 213 440 269 448 315 457 349 447 282 461 337 494 369 518 394 537 262 479 317 525 349 557 370 582 237 497 283 546 312 575 334 597 210 514 231 560 243 586 255 607 410 355 399 379 401 395 401 400 396 401 447 366 482 392 503 410 520 425 465 354 507 382 532 407 549 427 476 349 515 374 539 396 556 417 483 349 515 365 535 381 551 395 
162 454 213 440 269 449 315 457 349 449 281 462 336 495 369 518 394 536 261 480 315 527 348 558 370 583 235 498 281 548 311 578 334 600 208 515 228 561 241 587 254 608 410 355 398 378 401 393 401 399 394 401 447 366 481 391 502 409 519 425 465 353 506 381 530 406 547 426 477 349 514 374 538 396 554 416 483 350 515 366 535 382 551 396 
162 455 213 441 269 449 315 457 349 449 281 464 336 496 369 519 395 538 261 482 315 527 348 559 370 583 236 500 281 548 311 578 333 601 208 516 228 561 240 587 253 609 411 354 398 375 399 388 401 395 396 400 448 364 481 389 502 408 519 423 466 353 506 381 530 406 547 426 478 349 515 374 537 396 553 417 484 350 515 366 535 382 551 396 
164 450 215 430 273 429 318 430 351 424 282 439 341 462 376 479 403 493 265 463 324 501 361 526 387 546 242 488 294 530 328 554 354 573 217 512 249 554 267 579 283 599 422 353 418 361 423 369 420 379 409 387 485 345 515 354 532 372 543 391 495 349 525 363 540 385 550 406 500 356 527 371 538 390 545 410 500 364 522 377 534 392 543 408 
151 431 192 393 239 379 279 381 309 382 248 387 316 382 354 381 383 381 244 416 320 426 367 432 403 436 238 445 306 460 351 468 386 474 231 471 278 495 307 510 330 521 -1 -1 -1 -1 -1 -1 -1 -1 -1 -1 -1 -1 -1 -1 -1 -1 -1 -1 -1 -1 -1 -1 -1 -1 -1 -1 -1 -1 -1 -1 -1 -1 -1 -1 -1 -1 -1 -1 -1 -1 -1 -1 
422 279 424 243 443 210 465 188 482 167 492 242 520 239 534 242 546 249 498 269 530 274 538 284 540 298 496 291 524 301 532 314 531 326 487 312 508 325 514 335 514 346 158 401 191 353 236 322 272 300 297 277 246 349 314 349 356 347 388 347 244 390 321 402 369 404 404 404 241 425 311 438 354 440 388 439 237 451 286 470 315 481 340 487 
408 250 418 210 440 173 462 148 479 127 494 194 527 182 547 174 566 169 501 219 534 214 552 213 569 212 498 244 525 244 539 244 551 243 489 268 513 272 521 276 527 278 138 363 171 314 210 282 248 264 274 247 220 294 277 273 315 263 346 258 225 329 293 320 340 317 376 316 229 363 290 361 332 358 364 355 231 392 276 406 305 412 331 415 
396 241 399 197 418 160 436 133 449 107 477 180 510 165 530 156 550 149 486 206 522 198 543 196 564 194 485 231 516 227 534 228 551 226 476 257 502 257 515 260 528 261 142 342 164 289 196 241 223 206 243 176 200 266 251 247 289 235 323 226 208 307 270 299 318 293 359 289 214 343 274 341 319 338 355 336 220 372 267 384 300 390 329 394 
385 280 396 243 423 209 449 189 471 177 478 245 515 245 537 250 555 256 481 267 520 278 542 287 560 296 475 286 507 299 521 310 530 321 461 302 479 312 481 319 482 327 159 385 181 333 216 290 243 258 255 229 236 327 292 329 328 327 359 326 240 367 303 376 344 377 378 379 239 401 296 413 336 420 367 426 232 427 273 442 298 451 319 457 
390 297 402 260 429 229 456 212 478 199 481 271 517 272 538 278 558 287 486 296 525 312 546 329 564 346 480 315 513 334 531 352 546 368 467 332 488 350 499 364 510 376 168 405 191 351 223 313 251 283 263 253 249 358 298 358 333 355 364 354 254 401 311 413 354 415 389 418 255 431 309 447 349 452 383 456 252 452 293 474 320 486 346 496 
389 316 404 283 435 261 465 249 490 236 484 308 523 317 546 327 567 338 485 333 522 356 541 375 558 394 478 351 509 375 526 394 540 411 464 365 487 385 497 401 507 415 173 437 198 389 232 359 263 342 286 321 248 408 302 424 341 426 375 427 248 446 312 468 359 477 396 485 248 473 307 496 348 508 382 517 247 491 291 515 320 528 346 537 
387 312 402 280 430 258 460 248 487 236 482 305 521 313 545 320 567 330 484 331 521 349 542 367 560 385 476 348 508 368 525 386 542 403 461 361 482 379 493 392 504 407 184 433 207 386 241 358 270 341 293 321 256 405 308 419 348 422 382 426 254 443 319 465 364 474 401 481 253 469 313 494 355 502 390 508 253 486 296 513 325 526 352 534 
388 310 402 278 430 256 459 245 486 232 482 302 522 309 546 317 568 327 484 328 521 347 542 365 560 383 476 346 508 366 526 383 542 401 461 359 484 377 495 392 507 406 181 431 206 385 240 355 271 337 294 315 253 401 308 416 347 419 381 423 251 439 318 461 365 470 402 478 251 467 313 490 354 500 388 507 251 486 296 512 324 525 350 533 
386 308 401 276 430 253 459 242 486 231 484 299 523 305 547 313 568 323 485 325 523 344 543 361 562 379 476 343 509 363 527 380 544 397 461 357 484 375 496 389 509 403 178 428 204 382 238 352 270 333 292 310 250 398 307 409 346 413 380 418 249 436 317 455 363 464 400 472 249 463 312 486 354 496 388 502 248 482 294 508 323 521 350 529 
386 308 402 277 431 254 460 242 487 231 483 301 523 308 546 316 568 326 484 326 522 346 543 363 562 381 475 344 508 366 526 383 543 400 461 357 483 376 495 390 506 403 178 428 204 382 240 353 270 335 291 313 253 398 307 411 346 414 379 418 251 437 317 458 363 468 400 475 250 464 312 489 354 499 388 505 249 483 294 509 323 522 349 530 
384 311 401 280 430 259 460 247 485 236 482 305 521 313 545 321 566 331 483 330 520 350 541 368 560 386 474 348 506 370 524 387 540 403 460 361 481 379 492 393 503 407 177 429 204 383 239 354 270 336 293 316 254 401 309 414 347 417 380 421 252 439 319 460 364 470 401 478 251 466 313 491 354 501 388 508 249 485 293 511 321 524 348 532 
385 311 400 279 429 258 459 247 486 235 482 305 521 312 544 320 566 330 483 330 520 350 540 367 559 386 474 348 506 368 524 386 540 403 460 361 482 378 494 393 505 408 178 429 203 382 238 353 270 336 293 314 252 399 308 413 347 417 380 421 250 438 318 460 364 469 401 476 249 465 313 490 354 499 388 505 248 484 293 511 322 524 348 532 
385 312 400 280 429 258 459 247 486 236 481 304 520 313 544 321 566 331 482 330 520 349 540 367 559 386 474 348 506 368 523 386 539 403 460 361 482 379 494 393 506 408 177 429 203 382 238 353 270 336 293 315 253 400 308 413 347 417 380 421 251 439 319 459 365 468 401 476 250 466 314 490 355 500 388 506 248 484 294 511 322 525 348 532 
384 313 400 282 429 260 459 249 485 237 480 307 519 315 543 323 565 332 482 332 519 352 540 370 559 388 473 350 505 371 522 389 538 406 459 363 481 381 492 395 504 409 176 429 202 383 237 354 268 336 292 315 252 401 307 414 347 418 380 422 250 439 318 460 364 469 401 476 249 466 313 490 354 500 388 506 248 485 293 512 321 525 348 533 
384 313 399 282 428 260 458 249 485 238 479 307 518 315 542 323 564 333 481 332 518 352 539 370 558 388 472 350 504 371 522 389 537 406 458 363 480 380 492 395 504 410 175 429 201 383 236 353 268 336 292 314 251 401 307 414 346 418 379 422 249 439 318 460 363 469 400 477 248 466 312 490 354 500 387 506 247 485 292 513 321 526 347 534 
384 315 399 283 428 261 458 249 485 238 479 307 519 315 543 323 564 333 481 332 518 352 539 370 557 389 472 350 504 371 522 389 538 406 458 363 481 381 493 395 504 410 175 429 201 383 236 353 267 336 291 315 250 400 306 413 346 417 379 422 249 439 317 460 363 469 400 477 248 466 311 490 353 500 387 506 247 485 292 513 321 526 347 534 
384 314 399 283 427 261 457 250 484 239 479 307 518 315 542 323 564 333 480 332 518 352 539 370 557 389 472 350 504 371 521 389 537 407 458 363 481 381 492 395 504 409 175 429 201 383 237 353 268 336 291 315 251 401 307 414 346 418 379 422 250 439 318 460 363 470 400 477 248 466 312 491 354 501 388 507 247 485 292 513 321 526 347 534 
383 314 398 283 426 261 456 250 484 239 479 307 519 315 543 323 565 333 480 332 518 352 539 370 557 388 472 350 504 371 521 388 537 406 458 363 481 380 493 394 505 409 175 430 201 383 236 354 267 336 292 316 251 402 307 415 346 419 379 423 249 440 318 461 364 470 400 477 248 467 312 491 354 501 387 506 247 486 292 514 320 527 347 535 
383 314 398 283 426 261 456 250 483 238 479 307 518 315 542 323 564 333 480 332 518 352 539 370 557 388 472 350 504 371 521 388 537 406 457 363 480 380 493 394 505 409 175 430 202 383 236 354 268 336 292 316 250 402 307 415 346 419 380 423 248 440 316 460 363 470 400 477 247 467 311 491 353 500 387 506 246 486 291 514 320 527 347 535 
383 314 398 283 426 261 455 250 483 238 479 307 518 315 542 322 564 332 480 332 518 352 538 369 557 388 471 350 503 371 521 388 537 406 457 363 480 380 493 394 505 409 175 431 201 384 237 355 268 337 292 316 252 402 308 416 347 420 379 424 250 441 318 461 363 470 400 478 249 468 312 491 354 501 387 506 248 487 292 514 321 527 347 535 
382 315 397 283 425 261 455 250 482 238 478 307 518 315 541 322 563 331 480 332 518 352 538 369 557 387 471 350 504 371 521 388 537 405 457 363 480 381 493 394 505 409 176 431 202 384 236 355 268 338 292 318 251 403 305 416 345 420 379 424 249 441 316 463 362 471 400 478 248 468 311 493 353 502 387 507 246 487 291 515 320 528 347 535 
383 315 397 284 425 262 455 251 482 238 478 307 518 315 542 323 564 332 479 332 517 352 538 369 556 388 471 350 503 371 521 389 537 406 457 363 480 381 492 395 505 409 175 431 202 384 236 354 267 337 292 318 251 403 307 417 347 421 380 425 249 441 316 462 362 471 399 478 248 469 311 492 352 501 386 507 247 488 292 515 320 528 347 536 
382 316 397 285 425 263 455 252 481 241 477 309 516 317 540 325 562 335 478 334 516 354 537 371 556 390 470 352 502 373 520 391 536 407 456 365 478 383 491 397 503 410 175 430 201 384 235 355 267 338 291 318 250 404 307 417 346 421 379 425 249 442 317 462 362 471 399 479 248 469 311 491 352 500 386 506 247 488 291 515 320 528 346 536 
382 316 396 285 424 263 454 253 481 241 477 309 516 317 540 325 562 335 478 335 516 354 537 371 555 390 470 352 502 373 520 391 536 408 455 365 478 383 491 396 503 411 175 430 201 384 235 355 267 338 290 317 250 403 307 417 346 421 379 426 248 441 316 462 362 471 399 479 247 468 310 491 352 501 385 507 246 487 291 515 319 528 345 536 
382 316 396 285 423 263 453 253 481 241 477 310 516 318 540 325 561 336 478 335 516 355 537 372 555 390 470 353 502 374 520 390 536 407 455 365 478 383 491 397 503 411 175 431 201 384 235 355 266 338 290 318 251 403 307 417 346 421 379 425 249 441 316 463 362 471 398 479 248 469 310 492 352 501 385 507 246 488 291 515 319 528 345 536 
381 316 395 284 423 263 453 253 481 242 476 310 516 318 540 325 562 335 478 335 516 355 536 372 555 391 469 353 502 374 520 391 536 407 455 365 478 383 490 397 503 411 174 431 200 384 234 354 266 337 290 317 249 403 306 417 345 421 378 426 247 440 316 462 362 472 398 479 246 468 310 492 352 501 385 507 245 487 290 515 318 528 345 536 
381 316 395 285 422 264 452 254 480 242 475 310 515 318 538 326 560 336 477 335 515 356 536 373 554 392 469 353 501 375 519 391 536 408 454 366 477 384 490 397 503 412 175 432 200 385 234 355 266 338 290 318 249 403 304 418 344 421 377 425 247 441 316 463 361 472 399 479 247 469 310 493 352 502 386 508 245 488 290 516 319 529 345 537 
381 317 395 285 423 264 453 254 480 242 476 311 516 319 540 327 562 338 478 336 515 357 536 374 554 392 469 354 501 375 519 392 536 409 454 366 477 384 490 398 502 412 174 432 200 385 234 355 265 338 290 318 249 403 305 418 344 421 377 425 247 441 315 463 361 472 398 479 247 469 310 493 352 502 386 507 246 488 291 516 319 529 345 537 
380 318 394 287 423 265 453 255 480 244 476 312 515 320 539 328 560 339 477 337 515 357 536 375 553 393 469 355 501 376 519 393 535 410 454 367 476 385 489 399 501 414 173 432 199 384 235 355 267 338 291 317 249 403 305 417 344 421 378 425 248 441 316 462 361 471 399 479 247 468 311 491 352 501 386 507 246 487 291 515 319 528 346 536 
379 317 394 286 422 265 452 255 479 244 476 312 516 320 539 328 561 338 477 337 515 357 535 374 553 393 469 354 501 376 518 393 535 410 454 367 476 385 489 399 501 413 176 431 201 385 234 352 265 331 290 309 243 395 298 402 339 403 372 406 242 434 309 449 358 451 395 453 242 463 305 483 349 488 383 490 242 482 287 506 318 515 345 520 
379 316 394 285 422 264 452 255 478 243 476 312 515 320 539 328 560 338 478 337 515 357 535 375 553 393 469 354 501 376 518 392 534 409 454 367 476 385 488 399 501 413 175 434 195 389 228 351 260 327 287 307 226 387 280 396 319 395 347 392 226 427 296 438 342 432 373 423 231 458 299 472 342 467 370 456 238 479 292 492 322 490 342 478 
379 318 394 286 423 265 453 256 479 244 476 313 515 321 539 329 561 339 477 338 515 358 535 376 553 394 468 355 501 377 518 394 534 410 454 368 476 386 488 400 501 414 160 427 180 383 212 341 248 317 283 315 186 366 245 350 267 350 262 357 189 402 264 384 277 377 260 379 197 436 272 420 278 409 262 405 207 464 268 449 274 437 261 431 
379 317 394 286 423 266 452 256 478 244 476 313 514 321 538 329 559 339 477 338 514 358 535 375 553 393 468 355 500 377 518 394 533 410 453 368 475 386 488 400 500 414 166 437 192 388 236 349 282 332 318 323 219 377 263 361 303 355 336 350 220 418 272 423 318 422 352 418 224 454 279 466 327 458 359 451 232 480 282 484 309 478 328 471 
379 318 394 287 422 266 452 256 478 244 476 313 515 321 538 329 560 339 477 338 514 358 535 375 552 393 468 355 500 377 517 394 533 411 453 368 475 386 488 400 500 415 167 434 196 385 242 350 285 334 322 323 224 378 268 364 306 355 340 350 225 421 280 427 329 426 366 424 228 455 283 463 331 457 365 449 235 478 282 485 312 477 334 466 
379 318 394 287 422 266 452 256 479 244 476 313 515 321 538 328 560 338 477 338 515 358 535 375 553 393 468 355 501 377 518 394 534 410 453 368 476 386 489 400 501 415 160 436 183 393 228 356 273 338 310 339 197 375 238 366 272 363 285 364 201 410 270 395 302 388 304 383 212 444 281 428 306 415 306 402 223 472 281 455 299 437 298 420 
379 318 394 287 423 266 453 256 480 245 476 313 515 322 538 329 560 339 477 338 515 359 535 376 553 394 469 356 501 378 518 394 534 411 454 368 476 387 489 401 502 416 169 441 183 390 223 354 270 333 307 336 211 385 259 375 275 368 281 367 227 420 292 394 295 388 285 391 244 450 305 418 301 410 288 411 259 471 302 440 294 429 280 431 
379 318 394 287 423 266 453 256 480 245 476 314 515 322 538 330 559 339 477 339 514 359 535 376 553 394 468 356 501 378 518 395 534 411 454 368 476 387 489 401 502 416 163 440 181 389 227 355 274 341 309 336 202 385 242 380 277 372 304 366 207 427 256 426 296 413 325 398 216 459 270 458 314 441 343 422 229 481 277 470 305 453 324 433 
378 319 393 287 421 267 451 257 478 245 475 314 514 322 537 329 559 339 477 339 514 359 534 376 552 394 468 356 500 378 518 395 534 411 453 368 475 387 488 401 501 416 164 435 191 386 240 353 283 338 319 329 220 387 256 380 288 373 318 367 219 428 274 432 319 429 357 426 224 459 282 463 329 458 365 450 231 478 281 480 312 471 337 460 
379 318 393 287 421 266 451 257 478 245 475 314 514 321 538 329 559 339 476 339 514 359 534 376 552 394 468 356 500 378 518 394 534 411 453 369 475 387 488 401 501 416 169 436 196 390 243 352 284 335 319 331 225 386 265 381 298 377 329 374 225 428 285 434 331 436 370 436 230 460 290 467 337 464 372 457 236 479 287 478 314 467 334 454 
379 318 394 287 422 266 451 257 478 245 475 314 515 322 538 330 559 340 476 338 514 358 534 376 552 394 468 356 500 377 517 394 533 411 453 368 475 386 488 400 500 415 168 437 194 391 241 352 283 334 318 329 226 388 267 384 301 379 331 376 226 429 287 436 333 438 370 438 231 461 293 467 338 465 372 458 236 480 288 480 315 470 335 458 
379 321 391 290 417 268 445 256 470 243 474 311 514 316 537 323 560 332 477 336 516 354 537 371 556 388 470 353 502 373 520 390 537 405 456 367 480 384 493 397 507 411 169 439 196 392 241 354 282 337 317 334 228 388 273 389 311 385 343 383 228 432 288 440 335 441 373 440 232 464 294 471 340 470 374 463 237 485 290 488 320 482 343 471 
391 330 391 324 401 313 416 308 430 308 461 296 493 286 499 311 497 335 478 307 519 294 519 324 506 348 486 321 526 309 526 335 513 355 488 335 514 330 516 347 510 362 169 440 196 394 242 359 283 342 319 343 229 393 277 395 315 392 348 390 228 435 288 445 336 446 374 446 229 467 290 477 336 477 372 472 232 488 280 497 310 495 335 488 
399 328 387 322 390 316 404 329 418 352 450 293 486 289 493 314 491 337 471 305 514 290 515 322 508 348 484 320 523 308 530 335 527 357 489 334 517 333 525 348 526 363 167 440 196 396 243 360 285 343 320 345 228 393 277 394 316 393 348 394 227 435 290 445 337 448 375 449 229 467 291 476 335 478 369 474 231 488 281 497 310 496 334 490 
401 315 399 326 410 341 429 363 444 385 455 286 489 308 488 335 478 349 480 289 519 310 505 341 486 353 495 300 529 319 518 346 504 359 502 316 524 330 521 349 515 359 167 438 201 394 252 367 297 357 333 360 240 398 297 403 337 407 370 411 234 438 297 453 343 460 378 465 230 471 291 485 335 492 370 494 227 494 276 508 307 512 334 511 
406 298 402 323 411 351 420 384 425 406 451 307 483 336 497 366 505 391 474 298 515 323 531 356 536 386 489 300 527 327 538 359 544 387 496 310 514 344 517 374 517 400 172 436 213 402 268 390 315 392 350 401 265 409 329 424 368 436 398 446 251 443 315 467 358 485 390 498 235 473 289 504 329 524 360 537 220 498 261 529 288 546 311 557 
408 298 400 324 409 358 418 392 420 417 450 315 478 344 493 372 502 398 472 306 516 329 533 362 540 389 485 306 527 325 542 355 550 380 493 311 526 329 542 349 552 368 173 438 217 406 273 400 322 407 359 416 272 414 334 432 373 447 401 460 255 446 318 472 360 492 392 507 236 476 290 507 328 528 359 541 218 501 256 535 281 554 305 566 
419 295 404 323 404 356 402 390 397 415 453 333 475 373 488 400 498 422 475 323 513 359 534 389 551 412 490 320 528 351 549 377 564 399 498 322 530 347 548 365 562 382 175 441 222 415 277 414 323 416 356 407 286 429 343 455 379 473 406 489 268 455 328 491 368 516 397 536 245 481 298 521 333 545 361 563 221 504 253 547 271 571 289 589 
421 290 401 318 397 350 393 383 383 408 449 341 468 385 481 414 494 438 475 332 507 374 529 403 547 424 491 330 525 364 546 391 560 413 499 331 529 358 546 377 560 393 172 433 221 408 276 404 319 404 352 396 289 426 347 449 382 466 409 479 273 451 333 486 371 509 399 526 250 475 303 513 338 536 365 554 224 497 254 537 272 560 289 578 
419 290 397 318 394 349 392 380 383 408 451 342 469 384 481 414 495 438 477 335 509 376 531 405 551 426 492 332 524 367 546 392 563 412 498 331 527 357 545 375 560 390 168 429 219 405 274 401 318 400 352 393 287 424 347 446 382 463 410 476 271 449 332 483 371 507 399 524 249 473 302 511 336 533 363 549 224 495 253 536 272 559 290 577 
418 287 396 314 393 343 389 373 383 400 450 337 470 378 483 407 497 432 476 331 508 373 530 402 550 425 491 328 523 363 544 388 561 407 497 329 527 352 546 369 561 382 163 425 213 402 267 400 311 401 344 394 287 420 346 444 381 460 409 473 271 443 332 480 370 504 397 521 249 467 302 507 336 530 362 546 223 489 253 531 270 554 287 572 
414 279 393 305 390 334 388 362 381 386 449 332 470 370 483 397 496 419 473 325 507 366 529 394 548 416 487 322 520 355 541 379 557 397 493 321 522 344 541 359 556 372 160 417 210 396 263 398 306 400 337 392 285 418 343 442 376 458 401 471 271 441 331 477 368 500 393 518 251 463 302 501 334 524 359 542 226 482 252 523 269 546 284 565 
411 274 391 301 389 331 387 362 380 387 447 330 470 368 483 395 495 417 471 322 506 362 528 391 545 413 485 318 519 351 540 376 556 395 489 315 520 339 539 355 554 369 158 415 208 394 261 396 303 399 334 392 286 416 342 439 377 454 402 466 273 440 331 475 367 497 394 514 253 462 304 499 336 520 361 536 229 481 255 520 271 543 285 562 
408 265 389 289 385 318 383 347 376 370 443 320 465 354 477 380 489 402 466 313 500 352 521 380 538 401 479 310 514 344 535 368 552 388 483 309 515 333 535 349 551 363 171 410 220 390 273 392 313 393 342 384 298 410 356 429 391 443 418 453 286 434 347 466 383 486 411 501 268 456 319 492 353 511 380 525 244 476 271 515 287 537 303 555 
418 276 401 299 400 326 401 355 402 378 460 322 483 352 502 374 519 394 484 314 520 351 545 379 565 403 496 312 534 341 558 366 576 386 500 312 532 334 553 351 569 368 177 419 229 406 284 413 325 418 356 410 304 425 360 451 393 470 417 485 288 447 346 486 381 511 406 529 266 469 315 511 346 535 371 554 239 490 262 529 276 552 290 570 
424 283 407 306 408 332 412 359 412 385 468 326 493 355 512 377 530 395 491 318 528 351 553 375 574 394 504 315 541 343 565 364 585 381 509 315 541 334 562 349 579 361 172 421 225 409 281 416 324 423 353 413 297 430 353 458 387 477 413 492 280 450 337 491 371 518 396 539 257 470 305 513 336 538 360 558 230 489 251 531 265 555 278 575 
428 285 411 309 412 336 418 363 420 388 474 333 503 364 523 385 541 402 496 323 535 355 562 377 583 393 507 318 545 345 570 364 589 379 512 315 543 335 563 349 579 361 152 416 204 402 259 411 300 419 331 414 279 430 333 459 365 478 390 494 263 452 318 492 351 519 375 540 241 472 287 514 317 541 341 560 214 489 235 531 248 555 261 575 
413 277 390 299 383 323 382 349 380 372 443 327 463 358 477 378 490 393 467 323 499 356 518 379 535 397 481 321 513 351 532 372 547 390 486 322 513 345 529 362 541 377 158 402 208 382 260 387 299 390 329 381 288 404 345 425 379 438 405 448 277 426 337 460 373 481 401 496 259 448 311 485 344 505 370 519 235 469 262 508 279 530 295 548 
408 275 386 295 380 319 377 345 373 368 438 327 455 354 467 372 481 387 461 322 492 353 512 373 530 390 473 319 504 346 524 367 540 384 477 317 502 339 518 355 531 370 164 402 214 383 268 386 309 387 338 375 292 402 350 418 384 428 411 435 281 425 342 454 379 472 408 486 263 447 318 480 351 498 379 511 240 468 270 504 288 525 305 542 
409 279 390 304 393 328 398 351 405 373 453 317 480 337 503 349 527 359 474 309 519 333 550 349 577 362 485 307 526 330 554 347 576 360 488 308 519 326 542 341 561 352 162 409 216 394 274 399 320 406 355 409 289 405 348 421 385 431 415 439 273 424 331 460 368 483 394 501 251 446 300 489 331 516 356 536 226 467 251 509 268 533 283 554 
409 277 394 301 394 327 401 353 409 378 457 322 486 355 507 375 527 392 478 312 518 343 545 364 569 382 490 307 526 333 551 353 571 370 494 305 524 326 543 341 560 355 152 409 207 398 262 413 305 429 337 427 279 426 333 463 363 487 385 506 260 444 311 496 339 528 359 552 234 461 275 516 300 547 320 570 204 477 223 523 235 549 246 569 
407 273 389 299 387 326 391 354 397 379 450 324 478 360 499 382 519 399 472 316 505 355 528 381 547 403 484 313 517 342 538 366 555 386 489 311 518 332 537 347 552 361 154 407 206 397 261 412 304 426 336 428 282 423 334 459 364 482 385 501 265 441 318 487 349 516 371 538 241 459 287 508 315 537 338 559 212 475 233 519 247 543 260 563 
400 280 379 304 373 332 373 360 368 383 426 327 441 364 451 382 464 394 450 323 476 360 495 383 513 402 464 321 494 355 512 379 527 398 471 322 499 346 517 364 531 379 158 403 212 384 266 387 309 395 342 399 289 394 349 410 386 417 415 421 278 414 342 445 381 463 411 476 260 437 316 470 352 488 380 501 239 461 269 498 288 519 305 536 
402 287 384 313 389 338 398 363 407 386 449 331 484 358 509 375 532 388 469 320 512 351 541 371 565 387 480 314 519 342 547 360 566 375 483 312 516 333 538 348 555 360 157 402 214 390 272 402 317 415 352 417 284 406 341 434 376 451 402 466 264 426 320 472 354 499 378 522 239 446 285 497 315 526 337 548 211 465 233 510 248 535 260 556 
401 280 387 307 390 333 395 359 398 386 447 330 476 364 495 383 514 399 467 320 507 350 532 370 554 387 477 315 513 341 535 361 553 379 479 314 507 337 525 352 540 367 152 407 205 398 261 416 303 434 336 435 279 423 331 459 360 483 380 502 260 442 314 489 345 519 366 542 236 461 283 510 311 539 333 562 208 479 230 522 243 547 254 567 
400 277 385 304 386 331 389 356 389 379 441 325 468 359 488 376 507 389 460 316 498 346 524 365 546 380 469 312 503 338 525 356 543 372 470 313 497 334 515 349 531 362 153 406 206 395 259 409 299 426 328 436 281 414 336 442 367 464 388 482 266 434 323 475 356 503 380 525 244 455 294 499 324 526 347 546 217 474 244 518 258 542 271 561 
398 281 380 303 376 326 377 350 373 371 427 320 444 340 457 351 472 362 448 315 479 337 502 353 524 366 461 315 494 334 517 351 538 365 466 316 494 332 514 344 531 356 157 405 211 385 261 392 295 411 316 431 288 390 349 404 386 411 417 416 274 410 338 438 378 457 408 470 255 433 310 463 346 481 374 494 234 457 265 495 284 516 301 533 
402 284 381 306 379 328 382 351 384 374 432 320 453 338 471 351 489 361 454 314 492 336 519 352 545 366 465 314 501 335 527 352 549 366 469 316 497 334 518 347 537 358 157 405 209 385 262 391 299 407 322 423 287 391 347 402 385 409 415 413 274 412 336 438 375 455 404 468 254 436 308 465 344 484 372 498 231 458 260 495 279 516 298 533 
407 289 389 313 391 335 401 359 413 381 454 331 493 361 521 379 546 392 472 319 515 351 544 372 568 387 482 315 523 340 550 359 570 374 487 314 519 334 541 349 558 363 151 408 208 394 265 408 310 427 345 431 275 414 332 448 363 472 386 491 254 432 306 483 337 515 359 541 228 451 269 507 296 539 318 564 200 469 219 518 231 545 243 567 
405 283 386 307 384 331 386 357 387 380 443 329 470 362 488 382 507 397 465 322 499 356 523 380 542 398 477 319 511 348 533 369 551 388 481 320 512 341 531 358 547 374 157 411 210 395 265 405 307 421 339 428 282 409 340 434 375 451 401 464 266 432 325 472 361 497 387 517 243 455 292 497 325 524 351 543 216 475 244 517 259 542 273 562 
405 285 385 306 382 330 385 355 386 378 436 326 458 352 474 372 491 390 459 321 491 353 514 378 534 399 473 321 507 348 528 371 545 391 479 323 510 343 529 360 544 375 159 409 212 392 267 400 312 412 345 416 284 405 343 428 378 443 406 454 269 428 328 466 364 491 391 510 246 451 296 493 329 519 356 537 220 472 248 513 266 538 281 557 
405 289 384 309 381 333 383 359 383 383 434 327 457 354 473 375 489 394 458 322 492 356 513 381 531 402 473 322 508 351 530 374 545 393 479 325 509 346 528 363 543 378 162 411 215 393 271 401 315 415 349 416 288 406 346 429 381 443 409 455 271 426 329 465 365 490 392 509 248 449 297 491 330 517 356 537 223 470 251 512 268 537 283 556 
408 291 388 310 386 333 389 358 392 382 442 332 465 358 482 378 499 396 465 326 499 359 521 384 539 404 479 326 515 354 536 376 552 394 485 327 515 348 534 365 548 379 152 415 206 398 259 409 299 429 327 442 280 414 339 436 374 453 402 468 262 434 322 474 358 501 384 522 239 456 289 502 321 530 347 551 215 476 241 522 256 547 269 566 
408 289 388 309 386 330 389 356 392 380 441 330 464 357 483 376 502 393 465 325 497 358 519 383 539 403 480 325 513 354 534 376 550 394 487 328 516 348 534 365 549 378 155 413 210 398 262 410 302 430 330 445 283 414 340 437 376 453 404 466 264 434 323 474 359 501 385 523 241 456 289 500 321 528 345 550 215 475 242 520 257 545 272 565 
403 288 385 308 383 329 386 354 390 377 439 326 461 351 478 370 496 387 461 321 494 352 517 374 537 394 475 322 508 348 530 369 548 387 480 324 510 343 529 359 545 372 161 414 214 397 270 407 314 423 348 423 287 414 344 437 379 451 407 463 269 435 326 474 363 500 389 519 245 457 293 501 326 527 351 548 219 477 246 520 262 546 277 566 
403 288 385 307 383 329 387 353 391 376 438 326 461 350 479 369 498 385 461 321 494 351 517 374 536 393 475 321 510 347 532 368 550 386 481 324 511 342 531 357 546 370 159 416 212 399 266 409 307 428 337 435 285 415 343 438 378 453 406 464 267 435 325 474 361 501 387 520 243 457 292 500 323 527 348 546 217 476 243 522 258 547 272 567 
404 288 386 307 384 329 389 354 391 377 439 326 462 351 480 369 497 386 462 321 496 351 519 374 538 394 475 321 511 347 533 368 550 387 481 323 512 342 532 357 547 371 160 415 213 399 268 409 310 426 342 430 286 415 343 438 378 453 406 464 267 436 324 475 360 501 386 521 243 457 291 500 323 527 348 547 217 477 243 521 258 546 272 566 
407 290 388 309 386 331 391 356 392 380 441 329 464 355 482 375 499 393 464 323 498 356 521 380 539 401 477 323 514 351 536 373 552 393 484 325 515 345 535 361 550 376 157 416 211 400 264 412 304 432 332 443 282 416 341 439 376 454 405 467 264 436 323 476 359 503 386 523 240 457 290 502 322 529 346 549 215 477 241 523 255 549 269 569 
408 294 385 310 381 328 383 349 391 369 439 330 462 359 479 380 496 398 463 326 495 360 516 387 534 409 479 328 512 358 533 382 548 403 486 330 518 350 538 367 553 382 159 417 212 401 266 411 306 429 336 438 284 418 342 440 378 456 406 468 266 438 324 478 360 505 386 525 243 459 291 504 323 531 348 552 217 478 243 523 258 548 272 568 
405 292 384 308 382 324 384 344 391 366 440 331 462 359 478 379 494 396 463 327 494 359 514 383 532 404 477 327 511 355 531 377 546 396 484 329 515 348 535 365 549 379 161 418 214 403 269 412 313 428 345 430 285 419 343 442 378 458 406 469 267 439 325 480 360 507 386 527 243 460 292 505 323 532 348 553 217 479 243 524 258 549 272 569 
405 288 384 304 381 320 384 339 392 360 438 326 460 350 477 368 495 385 462 322 494 351 516 374 537 395 477 323 512 348 533 369 550 387 485 325 516 342 536 357 551 370 159 417 211 400 265 409 306 424 335 433 283 414 343 436 378 450 407 462 265 436 326 474 362 499 389 518 243 459 292 500 326 527 352 546 218 479 245 521 260 547 274 567 
408 292 387 310 384 327 388 348 395 369 442 328 465 360 481 380 496 397 466 325 497 360 517 385 534 406 480 327 514 356 534 380 548 400 488 330 519 350 539 366 554 381 149 413 200 393 258 397 304 409 340 414 272 399 334 417 372 429 403 440 254 420 314 455 352 479 381 498 231 442 280 481 316 506 343 526 207 463 235 504 251 529 266 549 
409 292 388 308 385 326 387 347 393 368 442 331 464 360 479 380 495 397 466 328 494 361 513 385 531 407 481 329 512 358 531 382 546 402 489 331 520 351 539 368 554 383 146 413 196 390 250 396 292 416 321 430 269 397 332 413 371 426 401 435 252 419 314 454 352 479 379 498 229 443 281 482 317 506 345 524 205 466 233 508 249 532 264 552 
398 288 380 305 379 321 385 338 390 355 438 320 459 343 474 360 490 377 459 318 491 344 511 364 529 382 473 320 506 342 528 361 546 378 479 323 509 339 528 352 544 366 157 422 211 406 265 416 308 435 340 443 280 418 341 440 377 456 405 470 262 438 322 478 360 506 385 528 239 461 288 508 322 536 348 556 213 483 240 528 255 554 269 574 
398 291 382 309 382 322 387 336 392 354 442 317 465 335 481 350 498 365 464 315 496 335 518 354 537 372 477 317 511 334 532 352 549 369 483 319 514 331 534 343 550 355 159 419 211 401 263 411 304 428 332 439 280 414 343 434 379 449 407 462 265 436 326 473 362 498 388 517 243 460 293 501 327 527 352 546 219 481 246 523 262 549 276 569 
406 294 386 308 383 321 388 337 396 358 441 319 466 345 484 364 501 382 465 318 497 343 518 364 537 383 479 320 512 340 534 359 551 377 486 324 516 338 536 352 551 366 158 415 210 396 267 401 313 413 347 417 280 406 342 426 378 440 407 452 263 429 323 465 360 488 387 507 240 452 289 492 323 517 349 536 215 473 243 513 259 538 274 557 
404 302 386 318 385 332 391 349 398 370 444 330 467 359 484 378 501 394 464 329 499 358 520 381 539 401 475 333 509 358 528 380 544 401 480 339 508 358 525 374 538 389 147 409 197 384 257 383 306 391 344 395 265 386 331 402 370 415 402 426 247 410 310 443 350 465 381 483 226 436 278 473 316 497 346 514 203 460 239 499 259 522 278 541 
402 315 399 314 409 315 419 318 428 320 480 314 516 321 540 330 562 340 489 320 527 324 549 333 569 343 490 324 525 326 546 334 563 343 488 325 514 329 532 333 545 341 120 433 176 416 238 424 287 435 323 426 237 430 289 455 321 473 348 488 212 459 259 509 287 539 310 563 183 486 222 542 248 570 268 591 154 510 172 551 180 567 189 577 
435 310 422 307 422 301 429 299 436 293 487 292 510 288 530 291 550 295 504 301 539 298 566 304 590 310 514 309 548 307 572 313 593 321 518 317 544 319 562 323 579 331 106 441 156 425 217 433 266 443 302 433 213 446 260 475 290 493 315 508 190 474 231 525 257 553 276 578 161 500 189 546 193 536 187 522 131 522 154 573 170 600 181 622 
446 278 450 281 464 278 480 279 499 272 521 256 555 248 582 245 607 245 528 257 564 248 593 247 618 248 531 259 563 252 588 250 611 251 529 263 555 258 576 254 594 254 52 463 102 453 165 464 208 471 242 461 143 472 180 515 204 544 224 570 106 493 129 557 144 599 158 631 74 511 94 573 107 613 118 642 49 524 58 574 62 605 67 630 
462 242 470 260 488 268 505 273 525 270 540 236 582 243 607 250 628 256 547 227 590 231 618 240 637 248 548 225 585 228 610 235 630 243 547 229 577 231 598 235 615 240 17 468 73 465 130 485 170 501 204 503 107 505 141 558 164 592 183 621 69 524 87 590 99 636 110 671 38 538 52 601 63 647 70 679 15 544 24 598 27 633 30 661 
470 241 474 262 489 273 505 277 524 276 542 238 582 246 607 253 628 259 551 229 598 235 629 245 651 255 555 228 596 231 625 239 647 249 554 231 588 234 611 239 629 246 30 469 84 468 137 490 175 506 208 504 116 514 148 561 172 593 191 620 79 531 97 593 111 635 122 670 47 542 58 606 67 647 75 680 23 549 21 605 20 638 19 668 
452 261 451 280 460 293 467 300 474 309 520 268 554 280 575 290 595 300 531 264 571 273 598 281 622 289 536 263 573 271 598 278 619 287 536 264 567 271 588 278 606 285 63 456 131 460 188 480 230 496 265 498 181 496 229 535 260 562 284 584 152 514 187 570 213 608 234 638 122 529 146 585 169 622 188 651 93 540 98 586 103 616 108 643 
425 290 454 300 486 309 509 317 524 323 508 293 541 306 561 321 575 336 502 290 540 307 561 324 575 340 490 291 526 308 544 327 557 343 471 295 494 313 508 328 518 341 112 445 176 438 233 450 277 460 312 459 241 462 297 490 331 509 357 525 225 477 276 517 312 547 340 573 200 496 241 539 273 569 297 595 172 514 189 555 201 580 212 602 
422 283 410 304 405 323 396 340 386 353 454 308 476 327 492 344 507 361 473 301 503 323 522 340 538 354 485 298 517 315 535 331 549 346 491 298 516 307 530 317 540 326 146 436 200 425 258 433 302 441 334 436 269 444 326 471 358 492 382 510 251 464 305 505 338 533 361 556 226 484 270 528 297 555 317 577 197 502 216 545 227 570 237 591 
404 301 380 320 373 340 372 355 372 367 396 324 408 351 416 368 426 383 424 316 442 344 455 367 469 386 444 313 467 340 480 363 491 382 457 316 479 335 493 350 505 364 149 424 201 408 254 415 293 428 322 436 272 419 327 444 358 462 382 476 257 437 312 472 346 497 371 517 236 457 284 494 315 518 340 536 212 477 234 515 251 536 267 555 
379 294 357 316 347 338 338 354 325 362 386 324 399 357 412 373 425 386 410 317 434 346 450 368 465 387 427 314 455 340 470 362 483 380 437 317 461 334 477 347 491 359 148 421 197 407 250 414 293 424 325 423 266 422 320 446 349 463 372 476 250 441 305 476 337 500 361 520 228 459 275 497 305 521 330 540 203 477 226 515 241 535 257 553 
356 294 337 314 333 339 335 360 339 375 356 324 370 350 379 367 390 381 377 314 400 344 415 365 431 383 394 309 416 338 432 360 447 376 404 308 424 329 439 343 451 357 147 420 197 404 249 411 290 420 321 417 267 420 319 445 350 463 375 476 250 438 303 477 337 503 361 524 227 456 273 498 303 523 326 543 202 475 227 516 242 538 257 557 
334 280 310 298 299 319 289 338 278 352 327 313 339 342 349 361 359 378 352 307 372 340 386 363 399 382 371 304 395 335 410 358 422 375 383 304 405 326 420 341 433 355 176 433 234 415 288 422 333 432 369 437 305 435 360 460 394 478 421 493 290 455 345 495 381 522 407 542 267 476 314 519 348 546 375 566 241 495 266 536 282 561 297 581 
324 263 300 283 289 311 276 333 256 342 323 312 334 341 344 361 355 380 348 308 369 340 383 363 397 383 367 305 391 334 407 355 422 372 378 303 400 326 415 341 429 355 194 439 246 421 300 428 345 439 380 442 318 440 376 468 410 489 436 505 301 461 362 504 398 532 423 553 278 482 329 527 362 555 387 576 252 501 278 543 294 569 308 590 
321 267 298 289 286 318 271 340 251 348 319 317 329 350 339 371 349 390 345 314 364 352 377 375 390 394 364 311 386 344 402 365 416 383 375 309 397 335 411 351 423 365 220 452 278 437 333 446 379 459 416 464 353 462 414 491 451 514 479 533 337 481 397 528 434 560 460 584 312 502 361 550 395 580 421 603 283 523 310 569 325 596 339 618 
323 268 299 291 288 320 274 342 254 349 321 320 333 351 342 372 351 390 347 317 367 352 382 374 396 392 365 314 387 345 404 366 420 383 376 310 398 335 413 351 426 365 227 456 280 439 337 449 385 467 423 469 358 462 418 495 453 517 479 536 341 484 401 530 436 560 461 584 317 505 366 553 396 584 419 608 288 524 314 571 328 599 342 621 
327 270 303 291 292 320 279 342 260 349 326 322 338 351 348 371 359 390 351 317 371 351 386 373 401 393 370 314 392 345 408 366 423 383 382 311 403 335 418 352 431 366 225 457 277 441 334 451 383 466 421 469 353 465 414 498 448 520 474 538 336 486 399 532 433 562 457 585 312 506 365 555 395 586 417 609 285 524 308 571 323 599 338 622 
349 271 327 296 317 326 305 348 288 354 360 329 375 359 388 378 400 395 384 323 407 357 424 382 439 402 399 318 425 349 441 372 454 390 407 314 429 339 444 356 456 371 198 449 253 433 308 441 353 450 386 445 326 454 386 483 419 505 444 522 309 474 369 517 402 547 424 571 286 494 335 541 364 570 385 592 258 512 282 555 295 581 308 602 
356 278 335 304 329 333 321 354 304 359 373 334 393 364 407 384 419 401 397 327 425 361 444 385 460 405 411 321 441 352 459 374 474 392 418 318 443 343 459 359 472 374 187 444 240 428 295 437 339 448 374 444 315 450 376 479 407 501 431 520 298 470 358 514 391 544 413 569 274 489 322 536 352 565 375 587 246 507 268 550 283 575 296 596 
381 280 372 318 377 351 380 375 383 388 428 342 454 369 473 387 490 403 445 330 473 355 490 375 502 391 454 321 481 344 497 363 506 376 457 316 480 338 493 353 501 364 155 422 204 412 258 422 301 435 332 435 271 425 328 452 355 473 377 488 251 442 305 485 333 514 354 537 227 461 270 508 297 536 318 557 201 479 222 522 234 546 247 566 
398 289 389 321 396 353 403 382 402 404 453 349 484 381 503 400 521 417 469 338 501 367 522 388 537 404 477 332 507 356 527 376 541 392 478 331 504 353 520 369 532 383 139 415 190 403 244 414 288 426 321 421 255 422 308 450 338 469 361 485 238 440 290 480 321 509 342 532 213 457 256 502 283 530 305 552 185 474 208 515 221 539 234 559 
427 307 431 346 443 375 453 402 460 425 488 370 517 399 537 417 554 432 503 358 532 384 551 405 563 421 510 350 538 373 554 392 565 408 511 346 537 368 551 383 560 395 120 411 171 397 222 404 263 415 294 415 234 415 286 444 315 463 337 479 217 433 268 474 298 502 319 524 193 451 236 494 262 522 283 543 166 468 188 508 200 532 213 550 
443 327 435 359 440 388 447 414 454 435 499 390 530 423 552 443 570 459 518 378 554 409 577 431 594 448 526 368 560 393 582 413 598 429 528 362 557 383 575 398 589 412 124 414 173 401 225 411 267 423 299 424 237 421 290 449 322 467 347 482 220 439 273 480 305 507 329 528 198 457 242 502 270 531 293 553 172 474 193 516 208 541 223 561 
448 330 430 358 430 384 437 409 444 432 491 387 523 419 544 440 564 456 513 377 554 412 582 436 604 453 525 372 564 401 590 421 610 437 530 370 561 390 583 406 600 419 130 418 178 405 230 415 273 427 306 427 245 426 297 454 328 472 352 486 228 444 280 484 311 510 334 531 205 462 248 505 277 533 299 555 179 478 201 519 215 544 229 565 
419 322 398 350 394 380 383 409 362 425 439 366 471 395 490 413 507 428 464 354 505 390 529 412 548 428 482 347 520 379 541 397 559 412 492 343 524 365 543 380 557 392 156 435 215 420 269 431 311 443 344 443 283 441 336 466 368 485 395 501 267 459 320 499 355 527 380 550 245 480 291 524 322 552 347 574 219 500 243 543 259 568 273 589 
389 316 365 339 358 359 353 378 345 392 405 359 434 385 452 401 468 414 429 347 468 379 492 399 512 414 445 339 481 367 504 384 523 397 453 335 485 350 504 361 520 371 193 460 259 451 314 466 359 482 396 491 327 480 377 506 410 523 437 538 314 499 365 542 400 570 425 592 293 518 338 567 368 598 391 622 266 536 290 582 305 611 319 634 
375 312 355 337 351 358 349 376 342 391 401 353 427 380 448 399 467 415 422 343 458 374 483 397 504 413 437 336 472 364 497 384 516 399 446 334 476 350 498 363 516 373 221 470 275 458 332 473 378 490 414 498 345 486 403 521 435 545 459 564 328 506 385 553 417 586 438 610 302 524 349 574 378 606 399 631 274 541 297 587 311 615 323 639 
383 307 363 332 360 353 363 372 365 388 416 354 447 381 469 399 488 414 436 345 473 373 501 394 522 409 449 338 484 363 509 381 528 394 456 334 486 348 507 359 525 369 210 463 262 448 317 459 361 471 396 475 336 473 392 506 424 528 448 546 320 494 374 539 406 568 427 592 297 513 341 560 369 590 391 614 269 530 291 575 303 602 314 625 
401 311 390 338 395 362 403 383 410 401 455 362 488 390 509 408 527 424 471 349 506 376 528 397 544 414 480 343 513 365 533 384 548 399 482 341 509 359 526 373 539 386 184 446 233 433 284 443 324 453 353 453 300 457 356 485 386 504 409 519 285 477 338 522 367 549 388 569 261 496 304 544 330 573 350 594 234 512 253 555 266 580 279 601 
418 319 405 342 408 364 417 385 423 405 473 367 507 395 528 415 545 431 489 356 527 385 550 408 567 427 496 351 534 376 555 396 570 414 499 349 529 369 549 384 564 399 173 445 221 430 274 440 316 451 348 447 291 454 346 482 377 502 401 518 276 472 330 516 361 546 381 570 254 491 298 539 325 567 346 590 228 507 247 552 259 577 271 599 
440 336 448 375 467 404 486 429 499 448 517 391 554 413 576 428 592 440 527 375 563 397 585 415 598 430 530 366 561 386 581 402 594 417 528 363 555 381 572 395 583 407 160 445 209 431 262 442 304 455 336 454 279 454 332 484 364 504 387 521 262 473 316 516 348 545 369 568 239 493 283 540 311 568 332 590 213 509 235 554 248 580 261 601 
459 355 456 391 468 420 483 446 494 470 529 415 572 446 595 465 614 479 544 399 587 431 611 453 627 470 550 390 588 419 608 439 622 456 551 387 582 410 600 427 612 442 161 455 210 440 265 450 309 463 343 461 278 460 331 490 364 511 387 529 260 479 315 522 348 551 371 573 238 498 285 545 314 574 336 596 213 516 236 559 251 585 264 607 
469 359 459 392 468 421 483 448 496 469 530 416 576 451 602 471 621 485 547 401 595 441 618 467 634 486 555 393 598 428 619 449 633 467 557 390 592 415 611 433 624 448 163 458 211 443 265 451 309 462 342 460 280 461 334 489 366 509 391 526 264 479 318 522 351 551 373 573 242 498 288 545 318 574 340 596 216 516 240 560 254 586 268 606 
