375 516 324 504 275 510 232 521 198 528 266 511 211 544 189 572 181 593 284 528 227 561 200 592 192 612 308 550 254 581 233 604 224 618 335 572 300 608 281 633 265 652 219 340 227 362 224 387 207 408 186 425 191 351 162 386 166 413 172 430 166 343 133 384 144 413 157 424 148 344 116 379 126 407 141 418 136 348 110 375 117 396 130 405 
386 513 330 503 276 511 231 522 194 531 273 514 217 554 195 583 187 602 291 532 233 571 206 603 201 622 317 552 265 590 245 613 238 624 346 572 318 607 304 627 295 639 218 340 224 359 220 379 202 397 180 411 183 340 150 361 150 389 155 409 163 332 123 356 123 392 130 415 148 334 111 350 110 382 117 404 141 339 110 351 107 373 112 389 
384 515 327 504 276 512 231 523 196 532 271 514 215 554 194 583 187 603 290 532 233 572 207 605 199 626 315 551 265 589 244 614 234 627 344 571 318 606 304 625 292 639 212 339 224 362 219 382 199 398 177 411 186 344 157 375 155 404 158 423 163 335 126 361 124 396 128 420 147 335 109 351 108 381 114 403 138 340 108 350 105 370 109 386 
386 515 326 504 276 512 231 522 196 531 270 515 216 554 194 583 187 604 289 533 235 572 207 605 200 625 315 553 267 590 245 613 236 625 344 571 318 607 303 625 292 638 210 337 223 359 219 379 203 394 181 407 184 340 151 356 149 385 154 405 163 332 122 354 121 392 127 415 147 333 110 349 109 383 116 405 137 338 106 347 104 369 110 385 
384 515 326 503 276 513 231 523 196 532 270 515 216 554 193 582 186 603 289 533 234 572 206 605 199 625 314 553 265 589 241 613 231 626 344 572 319 606 304 625 292 639 214 340 225 363 219 385 198 400 175 412 188 346 157 380 155 409 157 428 164 335 126 364 125 400 131 423 148 334 111 353 109 385 116 406 138 338 108 349 103 369 107 384 
385 515 327 503 276 512 231 523 196 532 270 515 216 554 194 583 187 604 289 532 234 572 206 605 200 626 314 552 266 590 243 613 233 626 344 571 319 606 304 625 292 639 212 337 225 360 220 380 202 394 181 407 188 342 155 364 153 393 156 413 165 332 126 357 123 393 129 416 149 332 111 348 110 381 116 403 139 337 107 345 103 367 108 382 
385 515 326 503 275 513 231 523 196 532 269 515 216 554 194 582 186 603 289 533 234 572 206 604 199 625 315 552 266 589 243 613 234 625 344 571 319 606 304 625 293 639 210 336 223 360 219 381 202 394 181 407 186 341 152 360 149 389 153 410 163 332 124 356 124 393 130 416 146 332 110 349 110 383 117 405 136 337 106 347 104 370 109 386 
384 515 326 503 275 512 231 523 196 532 269 515 215 554 194 582 186 603 289 533 234 572 206 604 199 625 315 552 265 589 241 613 231 626 344 571 318 606 303 625 291 639 211 342 223 365 218 385 200 401 178 412 187 345 154 373 152 403 154 424 164 336 125 363 125 400 131 422 148 335 110 354 110 386 118 407 138 339 107 351 104 372 109 387 
385 515 325 503 275 512 231 523 196 532 269 514 216 554 194 582 187 603 288 532 234 572 207 605 200 625 314 552 266 589 243 612 234 625 344 570 320 605 305 624 293 638 210 340 223 363 219 384 201 400 179 413 188 345 154 374 153 404 155 424 165 335 126 364 125 401 131 423 148 334 111 355 111 388 118 410 137 339 107 350 103 371 108 387 
385 515 327 503 276 513 231 523 196 532 270 515 217 553 194 581 185 602 289 532 234 571 207 603 199 624 314 551 265 589 242 613 231 627 344 570 319 605 304 624 292 638 212 340 224 363 219 384 201 400 179 413 187 346 154 376 153 406 155 426 164 335 125 365 125 402 131 423 148 335 111 356 110 388 118 409 139 339 107 351 103 372 108 387 
384 515 326 503 275 512 231 523 196 532 270 514 216 554 194 582 186 602 289 532 234 571 207 604 200 624 315 551 265 589 243 612 233 625 344 570 319 605 304 625 293 639 211 339 224 362 219 383 201 399 179 413 186 345 152 373 151 403 155 424 163 335 125 364 125 401 131 423 147 335 110 354 111 387 119 409 137 339 106 349 103 371 108 387 
384 515 325 503 275 512 231 523 196 531 270 514 216 554 194 582 186 602 289 532 234 572 207 604 200 624 315 552 266 589 243 613 234 625 343 571 319 607 304 626 294 638 212 339 223 362 220 382 203 397 182 408 178 342 150 356 144 379 145 400 157 336 123 359 122 393 130 415 142 337 111 355 111 386 118 407 133 342 105 351 102 371 107 386 
383 515 325 503 275 512 231 523 196 532 269 515 216 553 194 581 186 601 288 532 234 571 207 603 199 625 314 552 266 588 242 612 231 625 343 570 319 605 304 624 293 638 216 336 227 361 222 383 202 399 181 412 184 346 155 372 154 399 159 418 162 338 128 369 129 403 136 424 147 336 114 359 115 392 123 413 139 339 108 351 104 372 110 387 
384 515 326 502 276 512 232 523 197 531 270 514 217 553 195 582 186 602 288 532 234 571 207 604 199 625 314 551 266 589 243 612 233 625 344 570 319 606 304 625 294 639 213 340 224 364 219 385 200 401 177 412 186 346 158 383 156 414 158 432 162 336 124 364 125 400 134 422 147 336 109 355 111 386 120 406 138 341 108 353 107 376 114 391 
383 515 326 503 276 512 232 523 198 531 270 514 217 553 194 581 186 602 289 532 234 571 207 604 199 625 314 551 265 588 242 612 233 625 343 570 318 606 304 625 293 638 213 340 224 363 219 384 200 399 179 411 189 343 158 370 153 401 154 422 166 333 126 354 124 391 130 413 149 334 112 349 111 381 118 402 139 339 109 348 105 369 109 386 
384 513 330 502 277 511 233 522 198 531 271 512 217 550 195 580 187 602 289 530 234 568 209 600 201 623 314 550 267 585 248 607 241 619 343 569 318 604 302 622 291 633 214 336 224 361 220 383 202 397 180 408 187 341 152 358 147 387 149 406 166 332 124 353 119 389 125 412 150 333 113 350 109 382 113 404 141 338 111 351 107 372 109 388 
377 516 329 497 278 497 239 511 216 532 258 499 203 536 199 551 209 553 273 521 217 567 222 574 239 566 293 546 244 591 255 589 273 576 316 572 280 609 287 604 301 591 208 341 221 361 223 379 209 390 190 396 183 338 151 338 137 358 132 378 160 330 126 331 110 354 105 376 144 331 116 335 102 357 95 376 135 337 113 342 101 353 94 364 
407 510 352 489 293 472 247 462 212 450 296 456 242 443 208 443 182 444 308 473 254 469 220 478 194 488 324 499 274 504 243 515 218 526 343 532 312 544 289 554 267 564 203 353 220 364 228 369 223 373 215 382 184 335 176 318 163 317 146 321 160 333 146 313 127 311 107 311 144 336 125 320 105 317 85 316 134 341 116 330 99 327 84 325 
407 504 359 476 310 458 270 449 238 446 306 446 250 428 216 422 189 419 314 463 254 460 218 466 190 473 326 487 272 489 238 495 210 501 341 515 310 523 287 531 267 540 198 363 220 369 229 368 230 365 227 366 192 334 178 317 163 311 144 306 167 333 146 314 124 306 101 300 149 336 126 320 105 312 84 306 137 342 115 330 96 324 79 319 
426 495 384 467 337 440 300 416 273 395 334 433 275 414 240 406 211 398 342 450 282 447 245 452 214 456 355 474 303 474 268 475 236 475 371 504 341 510 318 514 296 518 194 363 218 370 228 365 230 359 228 359 189 333 173 320 157 314 140 309 164 332 139 316 120 310 99 304 146 335 121 320 99 314 80 311 134 341 111 330 92 325 76 323 
444 498 398 468 349 439 318 409 298 379 350 440 299 420 270 407 245 393 357 458 308 453 277 450 252 446 370 484 327 479 297 476 270 472 387 514 362 518 347 518 331 517 194 365 216 373 226 368 229 360 230 358 190 335 174 323 158 317 140 311 165 333 141 318 122 312 102 306 146 336 122 322 101 316 82 313 134 341 110 331 92 326 75 324 
441 500 396 471 349 445 320 417 303 389 342 448 299 432 272 423 247 413 350 465 302 461 270 459 240 457 364 491 319 490 288 492 259 493 384 521 358 530 340 537 322 543 193 366 215 374 226 369 229 362 231 361 190 336 173 324 158 318 139 314 165 335 139 318 121 313 101 310 147 337 122 323 101 318 81 318 136 343 112 332 93 328 76 328 
430 503 387 475 341 451 309 424 290 394 335 453 281 445 246 441 217 434 343 468 288 462 251 462 222 459 356 490 307 491 272 494 244 492 373 518 344 531 326 535 312 533 190 368 213 375 226 370 229 362 230 360 189 339 172 327 156 323 137 319 164 336 138 319 119 315 100 313 146 337 121 323 99 319 79 320 134 342 111 331 92 328 76 328 
439 499 395 473 345 451 310 424 289 394 346 448 289 444 253 443 223 441 357 464 298 466 259 469 228 472 373 488 321 493 284 496 254 497 392 518 357 526 337 529 318 529 184 368 208 376 222 374 226 368 229 361 190 342 174 332 156 330 135 329 164 336 137 323 115 322 93 321 145 335 121 325 98 323 78 323 133 339 111 331 93 329 76 329 
441 500 395 475 346 452 313 425 292 394 346 450 291 444 255 442 225 439 358 465 301 464 261 468 230 472 374 487 323 492 286 496 255 498 393 516 360 525 339 528 320 528 192 368 215 377 225 375 227 370 226 362 193 341 173 336 154 337 133 339 169 334 137 324 116 325 94 327 151 334 122 327 99 326 78 328 140 340 115 334 97 333 81 334 
439 500 393 474 348 449 319 420 302 389 342 452 297 434 267 422 243 410 350 464 297 456 263 450 234 444 366 484 317 485 284 488 255 490 386 510 360 515 342 521 324 526 188 361 213 370 225 371 226 367 224 357 189 338 169 332 151 331 130 329 165 333 135 324 112 323 88 324 146 332 121 325 98 324 76 325 134 336 111 330 92 328 74 329 
213 353 205 319 187 290 171 268 161 248 167 305 138 293 116 286 97 279 159 319 128 311 105 305 86 299 154 334 125 327 103 320 86 314 153 348 130 340 111 333 95 327 -1 -1 -1 -1 -1 -1 -1 -1 -1 -1 -1 -1 -1 -1 -1 -1 -1 -1 -1 -1 -1 -1 -1 -1 -1 -1 -1 -1 -1 -1 -1 -1 -1 -1 -1 -1 -1 -1 -1 -1 -1 -1 
413 510 369 473 360 421 360 384 357 356 378 389 377 349 374 322 374 297 391 394 388 354 382 324 378 296 403 407 404 371 400 343 394 318 415 427 416 403 413 385 408 369 199 353 193 336 188 308 179 288 168 272 185 298 190 267 186 246 180 225 176 303 172 266 162 245 151 225 171 315 166 287 157 266 147 245 170 334 168 321 166 312 163 303 
407 514 368 476 358 426 358 389 353 358 370 406 370 358 368 325 367 296 383 416 386 367 384 332 382 299 396 436 403 392 400 361 395 333 408 463 416 435 415 412 412 390 195 354 219 353 235 341 237 325 229 316 211 298 210 272 206 253 201 235 188 291 176 261 165 241 153 223 170 294 157 264 145 243 134 227 155 304 137 283 122 271 108 261 
405 513 369 474 358 424 358 385 353 353 371 406 371 358 367 327 365 298 382 417 384 369 381 336 379 304 395 437 400 394 398 364 395 337 408 463 415 435 416 412 416 389 200 357 222 357 238 343 236 327 223 325 208 302 204 278 199 259 193 240 184 296 170 265 157 246 143 229 164 298 149 268 138 250 127 236 150 308 131 286 117 274 105 265 
401 509 367 474 358 424 358 386 351 355 371 402 368 355 365 324 363 296 384 411 386 365 383 332 380 302 397 430 402 388 399 360 395 333 410 456 419 429 421 408 422 386 203 360 225 358 238 343 234 329 221 329 207 301 202 280 196 262 190 244 183 296 168 266 154 247 140 231 165 299 149 270 137 252 125 237 152 310 131 289 115 277 102 267 
400 511 365 473 357 425 358 390 353 360 377 399 376 357 372 326 370 299 389 410 392 368 387 337 383 307 400 431 410 397 409 370 404 345 410 459 429 441 435 425 436 408 203 359 222 359 232 345 230 331 221 332 205 301 202 282 196 266 189 250 182 295 167 267 153 249 139 232 165 299 149 270 136 252 125 237 152 309 131 288 117 275 104 264 
394 509 366 472 362 423 365 386 359 352 391 401 396 353 397 322 397 295 406 413 425 367 431 335 436 309 417 436 441 399 449 371 456 346 423 466 449 449 466 433 482 416 198 358 216 363 222 356 217 346 206 338 197 306 182 283 165 266 147 250 177 298 163 269 149 249 136 230 161 298 146 271 134 253 125 238 147 304 132 283 119 269 108 257 
407 504 372 464 367 418 368 384 364 349 400 398 411 352 414 320 418 292 417 413 436 370 448 338 459 308 428 437 449 402 458 372 466 345 434 465 459 446 476 430 492 414 193 353 211 359 220 353 217 344 206 341 196 304 189 286 179 274 168 262 176 295 166 266 155 247 145 229 160 293 148 266 139 248 131 231 146 298 133 278 122 263 113 251 
392 505 364 468 359 422 360 386 351 353 384 401 394 353 396 321 398 293 399 415 418 369 430 336 442 308 410 437 433 399 445 369 456 341 418 466 444 444 461 426 476 408 198 357 221 361 233 351 226 341 213 338 206 305 200 285 194 270 189 253 184 297 171 265 160 245 150 226 167 298 155 267 144 248 135 231 153 305 140 281 130 265 121 251 
-1 -1 -1 -1 -1 -1 -1 -1 -1 -1 -1 -1 -1 -1 -1 -1 -1 -1 -1 -1 -1 -1 -1 -1 -1 -1 -1 -1 -1 -1 -1 -1 -1 -1 -1 -1 -1 -1 -1 -1 -1 -1 -1 -1 -1 -1 -1 -1 -1 -1 -1 -1 -1 -1 -1 -1 -1 -1 -1 -1 -1 -1 -1 -1 -1 -1 -1 -1 -1 -1 -1 -1 -1 -1 -1 -1 -1 -1 -1 -1 -1 -1 -1 -1 
224 168 191 176 175 205 175 231 173 249 201 220 183 256 170 273 159 284 217 227 201 267 183 281 168 285 225 230 208 265 191 275 178 278 226 230 210 256 195 263 184 265 212 328 228 351 232 380 226 404 216 424 198 353 186 376 176 397 166 417 171 341 145 363 127 386 114 406 151 335 120 352 99 370 84 388 137 334 110 344 92 356 79 368 
226 170 194 179 179 207 177 234 173 253 207 225 190 261 175 276 164 284 222 231 205 271 187 283 173 285 229 232 211 266 195 274 183 277 229 232 213 256 199 261 189 263 213 338 227 359 227 377 220 394 216 411 183 365 157 395 141 415 126 431 161 352 121 378 98 396 79 410 148 346 111 367 89 382 72 395 142 347 110 359 91 370 76 379 
231 170 199 181 184 209 179 235 173 254 214 228 194 263 180 277 169 285 228 234 210 273 192 283 178 286 234 235 217 268 201 277 188 280 233 234 218 258 204 265 194 268 216 337 228 357 228 374 220 391 218 411 184 359 159 389 143 410 128 428 162 348 124 373 102 392 82 408 148 342 113 364 91 381 74 395 141 343 110 357 91 368 77 378 
237 168 204 179 187 206 180 233 173 254 219 228 198 264 183 278 172 286 233 234 214 274 196 284 181 287 238 235 221 269 204 279 191 282 238 234 221 259 208 267 196 270 215 338 227 359 227 377 219 392 217 410 184 360 158 390 141 410 126 427 162 348 123 374 100 393 80 407 148 342 112 362 90 378 73 392 141 342 110 355 91 367 77 378 
238 166 206 177 188 204 180 231 172 252 221 227 200 263 185 277 174 285 235 233 216 274 198 285 183 287 241 234 223 269 206 279 193 282 240 233 225 258 211 266 200 269 215 338 226 359 226 376 219 392 219 411 184 361 158 389 142 409 127 426 162 348 124 374 101 393 81 408 149 341 113 361 90 378 74 393 143 341 111 354 92 366 78 378 
240 166 207 178 188 204 180 231 172 252 222 227 201 263 187 278 176 287 237 233 217 275 199 286 185 288 242 235 225 270 209 279 195 283 242 234 227 259 213 267 202 270 214 338 224 360 225 379 220 395 221 413 183 361 158 390 142 409 127 427 162 348 123 374 101 394 82 410 148 342 112 362 90 381 73 396 142 341 110 355 92 367 78 378 
240 165 207 176 188 202 179 229 171 250 222 226 201 262 187 277 176 287 237 233 219 273 201 286 186 290 243 234 226 268 209 278 196 282 242 234 227 258 214 266 202 269 213 337 224 360 225 379 221 396 222 413 184 360 159 389 143 408 129 425 163 347 125 373 102 392 82 408 149 340 113 361 91 378 74 392 141 340 110 354 92 367 78 378 
239 165 205 176 185 203 176 229 167 250 220 226 199 262 184 277 173 287 234 232 217 273 199 287 184 291 240 234 223 268 207 279 193 284 239 234 224 259 210 267 199 270 213 338 224 361 224 382 221 398 223 417 184 360 159 388 144 407 129 424 162 348 124 373 102 392 82 408 149 341 113 361 90 379 74 394 142 340 110 354 92 366 78 378 
237 164 203 175 182 201 173 228 165 249 218 224 196 261 182 277 171 287 232 231 214 273 196 287 181 291 238 233 221 268 204 279 191 284 237 233 222 258 208 267 197 270 214 337 225 361 225 382 221 399 222 417 184 360 158 388 142 406 127 422 163 347 124 373 102 392 83 407 149 341 112 361 90 377 74 390 141 340 110 354 92 366 77 376 
236 165 204 176 183 201 173 227 164 248 218 224 197 261 183 277 172 288 232 231 214 273 197 286 183 291 238 234 221 268 206 278 193 282 238 234 222 259 209 266 199 269 214 337 225 360 226 380 220 398 219 416 185 359 159 384 141 401 125 416 163 346 125 371 103 391 83 406 149 340 111 360 89 376 72 389 141 340 109 354 90 365 75 375 
239 163 206 175 186 201 177 227 169 248 221 224 201 261 188 277 178 287 236 231 218 272 200 285 186 290 241 233 225 267 209 277 196 281 241 232 226 257 212 265 201 268 215 336 226 360 227 380 219 397 215 414 183 355 157 375 138 391 121 405 163 342 124 365 100 383 80 398 148 336 111 356 87 371 68 384 140 337 109 350 89 360 72 369 
242 162 209 174 190 200 181 227 173 248 225 223 205 260 192 276 182 287 240 230 222 271 204 284 190 289 245 231 229 266 213 277 200 281 245 230 230 256 217 265 205 268 216 337 227 361 227 381 219 397 213 415 184 355 156 374 137 388 118 401 164 342 123 363 98 380 78 394 150 336 111 355 86 370 67 382 142 336 109 348 88 359 70 368 
243 160 211 173 192 198 183 225 175 246 227 221 208 258 194 274 184 284 242 227 224 269 207 282 192 287 248 229 231 264 215 275 202 280 247 228 233 254 220 263 208 267 216 338 227 362 226 382 217 398 211 416 183 355 155 373 135 388 117 401 163 342 122 363 98 380 78 394 149 336 110 354 86 369 67 381 141 337 108 348 88 358 70 367 
245 157 211 170 193 197 185 224 179 245 228 220 213 259 201 276 192 287 242 225 228 265 213 280 201 288 248 226 235 261 221 275 209 283 248 225 236 252 225 264 214 271 216 337 227 362 226 383 216 400 208 418 184 355 155 373 135 388 117 400 163 342 123 362 98 380 77 395 148 337 110 354 85 369 66 381 140 339 108 349 87 358 70 367 
245 155 212 167 195 194 189 221 182 242 227 219 212 255 201 271 193 282 242 225 225 261 210 272 198 277 249 226 235 260 220 270 208 274 249 226 239 254 227 264 216 268 216 338 227 362 226 385 215 402 206 420 184 354 155 372 135 387 116 401 162 343 123 362 98 379 77 393 148 338 110 355 85 369 65 380 140 340 108 350 87 359 69 367 
246 154 214 166 198 193 192 221 184 242 229 217 212 253 200 269 191 280 244 224 225 260 208 269 196 271 251 225 235 260 219 266 207 267 251 224 240 252 226 260 216 262 217 337 227 362 226 385 214 403 204 420 183 354 155 373 135 388 116 401 162 343 122 362 98 379 77 393 148 338 109 354 85 369 66 381 140 340 108 349 87 358 69 366 
250 154 217 163 201 191 193 217 182 235 228 217 209 252 196 266 188 276 243 224 221 260 204 262 194 260 250 225 233 260 216 261 206 257 251 223 239 251 225 254 216 251 216 338 227 362 225 385 214 403 204 421 182 355 154 374 134 388 115 401 161 343 121 362 97 380 76 394 147 339 108 354 84 369 65 381 140 340 107 349 86 357 69 365 
256 151 222 158 202 182 194 207 182 225 224 210 203 242 189 248 182 248 237 218 215 254 198 255 190 250 244 221 225 254 208 254 199 249 245 221 229 247 215 249 206 246 215 338 227 361 226 385 215 403 204 420 183 355 154 373 134 388 115 401 161 344 122 363 97 380 76 394 147 340 109 354 84 368 66 379 139 342 107 350 87 357 69 365 
257 144 223 144 202 168 192 193 180 210 221 200 198 232 182 240 170 244 232 209 207 243 187 252 172 255 236 213 213 242 194 250 179 252 236 212 216 235 201 242 189 243 216 339 227 362 226 385 214 403 204 420 183 355 154 373 134 388 115 400 162 345 120 363 96 380 75 393 148 341 109 356 84 370 65 381 140 342 107 351 86 359 69 366 
257 127 225 125 203 147 190 172 179 188 219 185 187 214 177 208 176 199 228 194 195 212 186 199 186 188 231 196 201 209 192 196 193 185 231 194 207 204 199 195 198 186 216 338 227 362 226 385 214 403 204 421 182 355 153 374 133 388 115 401 161 344 120 363 96 380 74 394 147 341 108 356 84 370 65 382 139 342 107 351 86 359 68 366 
264 112 234 107 209 125 194 146 178 159 220 167 189 189 177 187 173 182 227 176 196 190 187 180 186 172 230 179 200 189 192 180 193 171 231 179 205 187 197 179 196 171 216 338 227 362 226 385 214 403 204 421 181 355 153 374 133 389 115 401 160 345 120 364 95 381 74 394 147 341 108 356 83 371 65 382 139 343 107 351 86 359 68 367 
272 99 240 91 216 108 199 129 183 141 228 145 193 166 177 169 168 169 235 157 199 169 190 158 191 149 237 162 202 169 196 158 199 149 237 163 208 167 202 158 203 150 217 338 227 362 225 385 213 404 204 421 181 356 152 375 133 389 115 402 160 345 120 363 95 381 74 395 147 341 108 355 83 370 65 382 140 342 107 351 86 358 68 366 
271 93 239 84 213 100 196 119 179 129 225 134 192 152 173 155 161 155 232 146 198 156 183 151 173 145 234 152 202 155 189 148 182 142 233 153 207 154 194 148 187 144 216 338 227 363 225 386 213 404 204 421 180 356 152 375 133 389 114 402 160 345 119 364 95 381 74 394 147 341 107 356 83 370 65 381 139 342 107 351 85 359 68 366 
262 94 231 83 204 96 188 117 172 129 214 131 184 149 169 155 158 159 221 144 189 154 176 149 168 144 226 150 196 154 186 147 183 140 227 152 204 154 195 148 192 141 216 338 228 362 226 385 214 403 203 420 182 355 152 373 131 387 112 399 161 344 119 362 94 379 73 393 147 341 107 356 83 370 65 381 140 343 107 351 85 358 67 366 
252 100 224 87 197 99 181 120 166 133 208 135 176 156 160 160 151 163 215 148 180 155 174 143 177 135 218 154 186 155 182 143 186 135 218 155 193 154 189 144 192 137 216 339 227 362 226 385 213 402 202 419 181 354 151 371 131 386 113 398 160 343 119 362 94 379 73 392 147 340 107 355 83 369 65 380 139 342 107 350 86 358 68 365 
248 103 222 93 199 110 185 131 173 145 212 146 183 170 167 175 158 175 219 157 187 168 175 159 170 151 222 161 191 167 181 156 178 147 221 161 197 165 186 157 183 149 216 338 227 362 225 385 213 403 202 419 180 353 150 371 131 386 112 398 159 343 119 361 95 378 74 392 146 339 107 353 83 366 65 377 139 342 107 349 86 357 68 365 
248 112 222 105 200 126 189 149 180 166 218 160 191 186 178 193 170 196 227 170 196 184 186 173 184 164 229 174 199 184 191 173 190 165 229 175 205 180 197 172 196 165 216 338 227 362 226 385 214 402 202 419 181 354 151 371 131 386 113 399 160 343 120 361 96 378 75 393 146 339 108 353 84 367 66 379 139 342 107 349 86 357 68 366 
249 126 221 124 200 147 190 170 181 186 218 180 195 204 183 212 175 217 227 189 199 202 190 191 190 181 230 193 203 201 196 190 197 182 231 193 209 197 202 189 202 182 216 338 227 362 225 385 213 403 202 419 180 354 151 372 130 387 112 400 160 343 119 361 95 379 74 393 146 339 107 353 83 367 64 378 139 341 107 349 86 357 68 364 
249 142 221 140 199 162 189 185 178 202 217 192 195 221 182 229 173 234 227 200 201 219 188 217 182 212 231 203 204 217 194 211 190 205 231 204 209 214 199 210 196 206 216 339 227 363 225 385 212 403 202 419 180 354 150 372 130 387 112 400 159 343 118 362 94 380 73 393 146 340 107 355 82 369 64 380 139 342 106 350 85 358 67 365 
239 148 206 149 184 171 173 194 160 209 208 202 195 237 185 252 177 259 223 208 208 243 195 254 186 258 231 210 216 240 204 252 195 257 234 210 221 233 211 245 203 252 216 338 227 362 225 385 213 402 202 419 181 354 151 372 130 387 112 400 160 343 120 362 95 380 74 394 146 339 108 354 83 368 65 380 138 341 106 348 85 356 68 364 
230 156 196 157 172 180 160 204 150 222 198 212 189 250 177 269 166 280 212 218 202 258 186 272 173 276 219 221 208 256 194 268 183 272 221 221 210 249 199 262 188 268 217 338 227 362 225 385 212 403 202 419 181 355 150 372 129 387 111 400 161 343 120 361 94 379 73 393 147 339 107 352 82 366 64 377 140 341 107 349 86 356 68 364 
218 163 183 166 158 190 148 216 140 235 186 223 178 261 169 280 161 292 201 228 191 267 178 283 166 290 208 230 197 264 185 277 175 284 210 229 199 255 189 267 181 275 217 338 227 362 225 385 213 403 202 420 181 354 150 372 129 387 110 400 161 343 120 361 94 379 73 393 148 339 108 353 83 367 64 378 141 340 108 349 87 358 69 365 
205 167 170 173 146 197 140 223 134 243 168 225 162 263 157 283 151 295 187 232 179 272 169 289 159 299 199 235 191 271 180 285 170 293 206 236 197 263 188 275 179 283 216 339 227 364 226 386 213 403 202 419 183 354 151 371 129 386 111 400 162 343 120 361 95 379 73 393 149 339 109 353 84 367 65 379 141 340 108 349 87 358 69 366 
187 160 154 174 136 201 137 229 137 250 159 223 160 258 157 275 153 286 178 228 179 266 174 285 168 298 192 230 191 264 185 281 178 293 201 229 199 257 194 270 188 279 215 338 227 363 225 386 213 403 201 420 182 354 150 371 128 386 110 399 161 343 120 361 94 379 73 393 148 339 108 354 84 368 65 380 140 340 108 349 87 357 68 366 
217 338 226 363 224 386 211 402 200 418 182 353 149 369 127 383 108 396 163 342 120 359 93 377 73 392 150 338 109 352 84 367 65 379 142 340 109 348 87 356 69 365 -1 -1 -1 -1 -1 -1 -1 -1 -1 -1 -1 -1 -1 -1 -1 -1 -1 -1 -1 -1 -1 -1 -1 -1 -1 -1 -1 -1 -1 -1 -1 -1 -1 -1 -1 -1 -1 -1 -1 -1 -1 -1 
427 499 387 478 337 466 294 451 261 435 339 466 284 478 248 493 218 506 354 482 300 500 263 520 236 536 373 504 326 518 292 536 265 550 393 529 363 542 343 554 323 567 217 338 226 363 224 385 211 400 198 416 182 351 148 366 127 380 107 392 163 340 120 357 93 374 72 388 151 337 110 350 84 363 65 375 144 339 111 347 90 355 71 363 
434 496 389 478 336 466 293 451 261 433 339 466 284 480 248 495 219 509 355 482 300 500 264 520 238 537 375 503 328 518 294 535 268 550 397 529 365 543 345 556 325 570 217 339 227 363 225 385 212 400 200 415 183 351 149 365 127 379 108 392 164 341 121 356 94 373 73 388 152 337 110 349 85 363 66 374 144 341 111 349 90 356 71 363 
438 497 390 479 336 468 292 453 259 433 340 467 285 479 249 493 221 506 357 481 301 498 263 518 237 536 378 502 329 517 295 535 267 549 399 528 366 541 345 554 323 568 217 338 226 362 225 383 212 399 200 415 182 351 149 365 127 379 109 392 164 340 121 356 94 373 73 387 151 338 111 349 85 363 66 374 144 341 111 348 90 356 71 363 
440 497 391 480 337 468 293 452 260 432 340 468 285 479 249 493 221 506 357 482 301 498 263 518 236 536 377 502 329 517 294 535 266 550 399 527 366 541 344 554 322 567 217 338 226 362 225 384 212 400 200 415 183 351 150 365 128 379 109 391 164 341 121 355 94 372 73 387 152 337 110 349 85 363 66 374 144 340 112 347 90 355 71 362 
439 498 390 480 336 468 293 452 260 431 340 468 285 479 249 493 221 505 357 482 301 498 263 518 236 536 378 502 329 518 295 535 267 549 399 527 366 540 344 553 322 566 216 338 226 362 225 384 212 400 200 416 181 351 149 366 127 380 109 394 163 341 120 355 93 373 73 388 150 337 109 349 84 363 65 375 143 341 110 348 89 355 71 363 
440 498 391 480 337 468 293 452 260 431 341 467 285 479 250 493 221 506 358 482 301 497 264 517 237 536 378 502 329 517 295 535 267 549 399 527 366 540 344 553 323 566 217 339 228 362 226 384 213 400 201 416 181 352 151 369 130 384 111 398 162 341 120 357 94 374 73 389 149 338 109 350 84 363 65 375 142 341 110 349 89 357 71 365 
439 497 390 480 336 468 293 451 260 431 340 467 285 480 249 494 221 507 357 482 301 497 263 517 237 535 378 502 329 517 295 535 267 549 399 526 366 540 344 553 323 566 216 338 227 361 225 383 212 400 201 416 181 353 152 375 133 392 114 407 161 342 118 357 94 374 73 388 148 339 108 350 83 363 65 374 141 342 109 350 88 357 70 364 
439 497 391 480 336 468 293 451 260 431 340 467 285 480 249 495 221 509 357 482 301 497 264 517 237 535 378 502 329 517 295 535 267 549 399 527 366 541 345 554 323 567 216 337 227 361 224 383 211 400 200 416 182 352 153 376 134 395 116 410 161 341 119 358 95 375 74 388 148 338 108 351 83 364 64 374 141 342 108 350 87 357 70 364 
439 497 391 480 336 468 293 452 260 431 340 467 284 480 249 494 221 508 357 481 301 497 263 517 237 535 378 502 329 517 295 534 267 549 399 527 366 540 344 553 323 566 215 338 227 362 224 383 211 400 200 416 181 352 152 375 133 393 114 408 161 341 119 358 95 375 74 389 147 337 107 351 82 365 64 376 139 341 106 350 85 358 68 364 
439 497 390 480 336 468 293 452 260 431 340 467 285 479 250 493 222 507 357 482 301 497 264 517 237 535 378 502 329 517 295 535 267 549 399 527 366 540 344 553 323 566 215 338 226 361 224 383 212 400 200 416 181 353 151 373 132 390 112 404 160 342 119 358 95 375 73 389 147 339 108 351 83 363 65 373 140 342 108 349 87 356 69 363 
439 497 390 479 335 465 292 449 261 426 341 462 287 467 252 478 225 490 357 477 302 491 266 511 240 530 376 499 327 515 294 531 268 546 396 524 361 540 337 554 315 568 219 336 227 359 225 383 212 398 199 415 186 351 155 365 134 380 115 394 166 340 124 353 97 371 75 386 152 336 111 349 85 362 66 373 144 340 111 349 89 358 71 366 
437 498 388 475 339 453 297 435 265 423 344 449 299 430 269 419 243 410 356 464 305 471 272 489 248 509 369 487 323 501 292 519 270 535 385 514 350 532 327 546 306 559 218 342 225 360 222 377 210 388 197 401 164 341 124 348 97 359 75 370 151 336 113 344 88 359 70 374 144 338 112 347 90 360 72 373 140 343 114 350 96 359 81 369 
431 498 385 473 340 445 303 424 273 410 354 430 318 412 293 407 270 402 367 445 319 440 290 457 273 476 381 471 334 472 303 487 283 502 395 502 360 511 335 522 316 533 215 345 224 360 221 373 211 378 203 387 183 332 165 325 149 326 134 330 164 325 136 322 118 329 104 338 152 325 125 322 108 328 94 334 146 331 124 327 109 330 98 332 
429 504 372 484 334 452 308 426 287 404 363 419 325 415 294 421 269 427 381 433 346 420 312 430 284 444 395 457 364 448 333 453 308 460 404 491 378 489 356 495 335 504 209 353 224 364 224 370 212 365 196 363 200 316 176 316 156 325 137 334 176 310 152 285 128 282 108 284 157 312 136 292 114 289 96 289 144 319 127 302 110 298 96 297 
424 512 366 493 334 457 314 426 296 403 380 420 364 386 332 389 309 399 395 435 367 409 325 414 298 425 403 461 371 448 332 453 308 461 405 493 373 485 344 491 322 500 202 361 223 368 226 367 211 368 189 371 201 319 171 319 153 331 137 344 177 308 147 296 124 299 103 305 158 306 133 296 113 295 96 298 144 312 125 301 109 298 96 299 
423 513 364 492 332 454 315 422 297 398 379 417 361 381 328 379 304 385 394 431 361 405 322 418 304 434 401 457 365 443 330 455 314 468 404 488 367 486 339 494 323 502 194 367 213 372 223 370 210 372 190 377 190 324 171 313 154 315 135 320 165 320 142 308 125 315 109 326 147 323 126 314 109 319 94 330 135 331 117 323 104 325 92 332 
429 520 361 496 326 457 306 423 286 397 374 422 335 409 301 425 279 442 392 435 361 406 320 415 295 430 404 458 373 437 334 444 309 453 409 488 378 480 348 486 327 493 192 358 214 369 220 369 208 374 191 377 197 322 172 324 157 339 144 354 171 317 146 306 126 311 109 320 151 319 127 309 110 313 96 322 134 327 116 318 102 321 90 329 
428 516 365 499 331 461 311 428 294 403 378 424 344 399 313 405 290 414 393 436 353 410 313 420 288 434 401 459 360 445 323 453 300 462 403 488 365 485 337 492 316 499 193 359 213 367 222 368 208 374 190 377 195 323 168 318 146 324 128 335 170 320 142 313 122 323 106 336 150 323 125 319 108 327 95 338 136 332 116 329 102 335 92 344 
427 513 373 489 338 453 315 423 293 399 377 423 350 388 319 380 293 379 391 437 349 415 309 426 286 441 398 462 355 449 319 461 297 472 400 491 364 488 335 496 315 505 193 358 213 367 222 369 210 376 193 380 194 322 169 318 149 322 131 330 168 320 141 318 122 326 105 337 149 324 125 325 107 332 93 342 136 335 116 333 103 338 91 346 
429 512 369 493 333 457 310 427 289 404 374 424 344 393 314 399 294 409 390 437 353 407 316 423 299 441 400 461 363 442 328 455 310 469 404 491 373 483 344 492 325 502 201 350 221 364 221 371 207 378 189 383 202 328 173 338 155 355 141 371 177 319 149 311 127 319 108 329 157 319 130 313 113 319 99 329 143 327 121 322 106 326 95 334 
433 514 368 496 331 457 310 424 289 399 374 427 335 410 301 421 276 436 391 439 349 409 308 421 284 437 402 461 360 440 322 448 298 459 406 491 373 480 344 486 322 495 195 362 219 371 223 372 210 377 191 380 198 327 171 325 154 338 139 354 173 322 145 315 125 329 109 346 153 324 128 319 109 329 95 343 139 332 118 328 104 335 93 346 
429 509 369 492 332 455 308 424 286 399 376 423 345 392 310 398 285 409 391 437 346 415 304 427 280 440 399 462 354 447 315 457 291 466 403 493 368 486 339 492 318 500 196 358 214 367 222 369 208 376 192 382 195 321 168 330 151 340 138 349 169 314 141 322 125 334 112 346 149 316 125 323 108 332 94 344 134 324 114 326 101 334 90 344 
432 511 375 492 339 455 317 424 294 402 378 424 351 387 318 385 291 392 392 438 347 413 305 426 280 441 400 463 355 444 316 455 292 467 404 493 372 482 342 488 320 496 201 357 218 367 221 370 206 378 189 384 198 325 170 337 154 354 140 371 173 316 143 324 123 338 106 351 154 316 127 322 108 332 92 343 141 324 117 327 103 333 90 341 
432 510 369 491 332 454 309 423 291 402 375 421 347 387 312 391 287 400 390 437 349 412 306 424 282 438 399 462 358 444 319 452 294 460 403 493 373 484 343 489 320 496 198 357 217 368 221 373 208 380 190 384 194 324 169 328 149 338 131 351 168 319 140 324 120 336 103 349 149 322 123 326 104 334 88 345 136 331 114 331 99 336 87 345 
439 511 372 493 335 453 313 419 293 392 375 422 333 415 301 420 274 425 390 436 338 423 301 432 274 444 399 460 349 451 311 459 283 466 402 491 368 485 340 489 316 494 199 360 220 371 223 375 210 381 193 384 195 330 172 335 158 351 145 367 170 325 146 317 126 319 107 321 152 327 127 321 109 319 93 320 139 337 119 328 104 326 90 326 
433 507 373 493 335 457 311 424 292 397 373 421 343 392 311 404 289 420 388 436 337 421 297 436 273 450 397 462 343 458 304 471 278 481 400 494 361 493 333 501 313 508 203 372 221 375 226 373 213 378 193 383 189 326 162 319 141 322 120 328 165 328 135 326 115 338 96 351 150 336 122 338 105 348 91 361 142 346 120 348 107 355 96 365 
432 505 377 486 339 449 314 418 295 398 373 420 340 390 306 405 285 422 388 436 343 417 303 434 283 451 396 462 351 450 315 464 295 475 400 493 363 491 335 500 315 508 196 365 219 375 224 378 213 383 194 385 198 334 174 329 160 341 146 355 172 329 148 319 129 325 109 333 154 331 129 332 114 343 101 355 142 341 123 344 112 356 104 369 
435 510 369 502 331 472 306 448 284 433 371 425 330 403 295 414 273 429 387 438 343 409 301 424 278 440 397 463 357 442 317 452 292 462 400 495 367 483 336 490 313 498 203 371 221 373 227 368 212 375 193 381 185 326 155 311 133 313 114 321 167 333 135 325 119 339 110 354 155 342 126 338 115 353 111 369 147 352 125 349 117 358 114 371 
433 511 368 499 333 469 310 444 289 427 375 423 339 391 301 390 273 399 391 436 347 409 303 417 276 428 400 461 359 444 318 448 292 455 403 493 369 481 340 485 317 491 206 369 223 374 227 371 214 376 196 380 189 321 160 313 138 321 119 334 169 328 138 319 121 333 110 350 154 337 127 334 115 347 109 362 144 349 123 344 116 353 113 366 
435 512 371 497 337 468 314 445 293 428 376 423 341 392 305 389 276 395 392 435 353 406 310 408 281 418 402 459 364 439 325 439 298 443 405 492 377 479 348 479 324 482 198 370 222 374 228 374 216 378 198 383 200 329 177 329 162 344 148 361 173 328 148 316 129 320 113 328 154 333 130 325 115 329 104 338 141 344 122 338 111 342 102 352 
436 512 370 499 335 472 313 450 293 436 374 425 339 396 303 392 275 396 390 438 359 404 318 401 287 406 401 463 371 440 332 434 305 434 405 497 375 484 345 485 322 491 197 371 216 373 228 369 216 372 197 376 192 320 174 309 157 307 141 311 167 321 141 331 122 344 108 356 150 327 137 345 148 360 157 371 139 335 124 343 129 354 134 362 
433 513 368 495 334 461 314 432 294 413 377 420 356 385 326 376 301 372 392 434 357 405 315 414 291 429 400 460 364 440 325 447 300 457 404 492 369 482 340 490 319 500 191 358 215 363 226 363 214 372 197 378 197 322 173 323 155 336 141 352 173 323 147 324 129 334 114 345 154 329 130 331 116 337 104 345 142 339 122 339 111 343 101 350 
430 512 364 492 330 458 310 428 292 408 373 419 346 387 309 390 283 400 390 433 360 401 316 411 291 425 400 458 372 434 331 439 306 446 405 491 377 479 346 485 323 492 198 359 218 365 228 364 217 372 201 380 196 322 174 319 155 325 139 336 173 323 148 319 130 330 117 343 157 329 133 328 118 337 107 349 146 339 127 338 114 344 105 353 
433 513 367 495 330 461 307 434 285 418 372 421 336 395 300 400 273 411 389 434 355 406 312 415 286 429 401 460 367 439 328 443 301 449 405 493 375 484 344 488 320 493 195 359 219 366 228 369 217 376 201 382 203 326 182 333 169 350 158 368 178 322 155 319 137 328 122 337 159 326 136 325 122 331 109 339 146 336 126 336 113 340 103 346 
436 513 371 497 335 466 313 441 291 424 377 422 349 387 318 375 291 367 393 436 356 410 313 413 283 422 401 462 359 446 319 450 292 456 402 493 363 487 330 493 306 500 195 359 215 367 227 365 217 372 202 378 199 322 184 319 168 324 151 332 174 321 151 320 133 328 118 339 156 327 133 328 116 335 102 343 145 338 125 337 111 341 98 347 
434 511 370 492 334 451 313 414 293 388 378 421 354 389 325 376 300 368 394 434 354 408 314 411 286 421 402 458 362 437 324 440 297 446 404 489 372 478 344 478 322 479 190 357 216 366 228 366 218 374 203 379 202 326 185 331 173 350 161 368 177 320 156 314 140 322 126 334 157 322 136 317 121 324 111 335 142 331 123 327 109 333 99 342 
434 512 372 499 336 468 312 445 288 428 377 423 341 391 310 374 284 360 392 436 351 407 313 405 284 408 401 461 358 443 320 444 293 448 402 493 363 485 331 490 308 499 199 363 220 370 229 365 218 369 201 371 205 324 189 314 174 324 161 337 179 319 158 298 140 302 124 311 160 324 137 310 122 318 111 331 148 336 130 337 121 351 115 366 
432 513 365 495 328 455 306 417 286 390 379 420 348 390 319 376 293 366 396 433 356 407 314 407 283 414 405 458 365 437 324 439 297 443 407 489 373 475 344 474 322 477 197 360 217 367 227 365 219 370 202 375 202 325 188 319 177 331 166 345 178 321 160 303 143 306 127 313 160 326 139 314 124 318 110 326 148 339 128 336 114 343 102 351 
432 515 368 495 334 463 313 436 292 418 384 422 358 388 335 370 314 356 399 435 356 411 316 408 285 412 406 460 359 444 318 444 289 447 406 490 371 477 344 472 322 468 192 360 214 367 228 365 218 371 201 375 197 317 180 318 162 324 146 332 171 315 149 318 134 329 122 341 153 319 132 324 119 333 108 344 140 330 123 332 112 338 103 346 
429 517 367 495 334 458 314 425 293 401 385 420 363 385 340 364 319 349 399 434 357 409 315 409 284 416 405 459 356 446 315 453 287 461 404 489 365 479 336 478 315 480 197 360 219 366 230 365 219 372 203 375 205 324 183 330 169 351 158 371 181 319 156 309 138 317 123 328 161 320 137 313 122 319 109 328 146 328 126 322 112 327 101 334 
434 516 371 499 334 469 308 447 284 429 378 424 334 394 299 385 270 385 393 436 346 406 305 406 275 412 401 460 357 439 319 438 291 440 400 491 370 483 341 482 317 482 194 358 217 366 231 364 223 371 206 375 205 324 188 318 173 329 160 343 178 320 158 308 142 314 127 325 157 323 135 316 119 327 107 340 144 332 123 331 111 342 101 354 
436 512 367 496 330 462 307 433 284 412 376 420 346 384 311 373 281 370 393 434 356 404 311 402 280 407 402 460 362 443 321 444 293 449 403 493 367 483 336 487 313 494 199 360 218 369 228 367 220 373 204 377 204 325 187 317 174 330 162 345 180 320 161 305 145 311 129 320 162 324 140 312 126 320 113 330 148 335 128 332 115 342 103 353 
434 515 363 497 326 463 304 433 282 412 376 419 351 384 320 371 291 365 393 431 360 402 317 402 286 410 403 456 367 435 327 439 298 446 406 488 374 479 344 484 320 493 191 361 214 370 228 367 218 371 202 375 203 321 185 312 171 319 158 331 176 318 156 304 140 312 128 325 156 322 134 311 121 322 112 338 140 333 122 326 112 337 105 352 
435 514 367 497 332 468 310 445 288 430 376 421 350 384 314 385 285 394 392 433 357 401 313 405 284 413 401 458 366 434 326 437 299 443 404 491 374 479 345 482 321 486 190 351 211 362 228 363 219 369 205 375 202 317 178 338 170 351 168 362 175 309 151 321 139 332 131 343 154 310 131 318 119 330 112 344 139 319 122 323 112 335 105 347 
434 515 368 494 333 458 311 426 290 406 380 417 357 380 326 368 297 363 396 432 356 406 311 409 280 419 404 459 360 440 319 445 292 454 405 491 367 481 336 485 313 493 199 358 219 367 229 365 219 372 205 376 204 322 183 325 170 342 159 359 179 317 155 308 139 318 126 330 159 319 134 313 119 327 109 343 145 329 125 325 113 337 103 352 
435 512 369 493 332 459 308 430 284 409 375 417 342 382 307 377 277 381 392 432 351 403 308 405 278 413 402 458 361 438 321 440 293 444 404 490 369 480 338 483 314 489 195 358 218 367 231 364 223 370 206 376 202 321 184 321 173 336 166 352 175 318 153 309 137 321 126 335 155 321 133 316 120 329 112 344 142 332 123 330 112 341 106 354 
436 514 368 493 334 454 314 419 293 399 379 416 359 373 331 355 306 347 397 431 362 400 319 397 287 401 405 457 362 442 321 444 291 450 405 488 363 481 331 485 307 493 195 359 218 367 232 364 224 370 209 375 205 322 188 326 175 345 164 364 179 318 161 305 146 314 134 326 158 321 139 311 128 319 120 332 142 332 125 328 113 338 105 350 
437 518 370 493 337 452 320 416 299 393 382 417 365 375 342 352 321 336 400 431 365 400 322 397 291 402 408 457 364 438 321 443 290 453 408 488 367 477 335 484 312 494 194 357 214 364 231 362 226 368 214 374 200 316 187 315 172 323 158 334 175 312 153 316 138 330 126 346 156 316 135 320 122 334 113 349 144 326 125 329 115 338 108 348 
438 518 368 500 332 470 308 451 285 437 376 420 337 389 302 383 271 386 394 433 354 399 311 399 279 406 404 459 368 435 327 432 296 435 406 492 377 475 347 475 323 480 199 357 219 363 233 361 228 369 216 377 204 321 186 322 175 339 164 359 179 318 156 312 141 321 126 333 160 322 137 319 123 327 111 338 147 332 127 330 115 335 103 342 
438 514 368 498 331 464 308 436 286 419 373 418 342 380 308 372 280 372 391 432 354 404 311 403 280 409 401 459 360 445 317 447 287 453 404 492 366 483 336 487 313 494 189 359 212 366 231 363 228 368 216 374 198 319 186 310 173 318 158 330 172 318 152 313 138 324 126 338 153 324 133 321 120 332 110 345 140 334 122 331 111 338 102 347 
441 516 371 502 335 472 313 446 293 430 379 421 352 384 322 369 294 359 396 433 355 403 312 404 281 412 405 457 361 438 321 440 293 448 406 489 370 476 340 479 317 488 197 357 216 360 232 356 228 367 218 379 201 320 186 319 176 338 167 357 175 320 156 311 142 321 129 333 156 325 136 320 123 328 111 338 143 336 125 332 112 336 100 342 
439 514 370 499 335 468 313 442 293 424 377 420 344 387 311 374 281 368 392 433 354 404 313 404 284 412 402 458 364 439 326 437 297 441 405 491 374 477 346 478 323 484 184 358 210 367 230 365 227 369 215 374 199 319 187 311 172 316 158 326 171 320 151 315 138 325 128 340 150 326 131 324 118 333 108 346 137 338 120 333 109 338 100 347 
436 514 372 497 336 464 314 437 292 422 372 422 347 381 318 368 291 360 390 434 351 405 308 406 278 414 398 458 350 446 309 457 283 469 400 489 357 484 329 492 310 502 194 362 215 367 233 363 229 370 216 377 200 317 184 324 172 335 164 348 174 316 153 316 138 326 126 338 153 322 133 323 119 331 109 342 140 334 121 333 109 336 99 342 
438 515 372 499 339 467 321 440 304 423 376 419 356 377 330 361 305 352 392 432 356 398 314 404 286 418 399 455 353 437 316 451 296 467 399 485 357 478 331 487 317 500 194 366 215 368 232 362 224 368 213 378 199 313 177 326 169 341 165 354 172 310 151 321 142 336 136 351 151 315 131 325 121 338 115 353 137 326 119 328 108 336 99 346 
434 513 364 497 327 463 305 435 285 416 375 420 352 383 322 372 295 367 392 431 358 398 315 401 285 410 400 455 365 432 324 437 296 444 402 485 370 472 341 477 319 487 191 362 213 367 232 363 227 367 215 374 204 314 188 331 177 349 168 366 177 309 155 320 140 334 128 349 155 313 134 321 120 333 109 347 139 324 121 328 110 337 101 346 
439 516 373 506 340 478 319 457 299 446 380 428 344 403 314 399 288 401 394 437 355 402 316 400 285 407 402 458 358 438 319 440 290 446 400 487 361 477 332 483 310 492 187 363 210 370 231 366 232 366 225 370 206 317 187 333 180 346 177 357 178 311 155 321 142 335 132 349 155 313 134 323 120 336 111 349 139 323 121 326 109 337 100 347 
432 508 373 492 342 459 323 431 305 416 373 421 349 384 318 376 293 376 388 434 353 404 310 405 281 413 395 458 346 448 306 460 280 472 396 487 353 486 325 497 308 509 187 364 210 368 230 361 231 364 224 371 205 318 189 328 181 343 175 356 177 315 155 319 140 333 129 347 155 318 135 323 120 336 109 349 140 328 123 329 111 340 101 351 
435 511 371 499 335 467 312 439 291 419 375 420 349 385 320 374 294 369 391 430 357 399 315 398 284 406 400 453 359 436 319 444 293 455 402 484 362 477 333 486 313 498 186 366 210 370 230 365 231 368 223 373 205 315 190 330 182 346 178 359 178 312 159 319 145 331 136 345 156 318 137 324 123 335 114 348 140 330 122 332 111 342 102 351 
435 515 369 500 331 467 305 442 280 424 377 426 340 403 310 397 284 394 393 435 355 402 315 400 285 404 402 456 361 433 321 435 292 441 404 487 370 476 340 480 316 488 189 360 211 365 230 361 228 367 220 376 208 316 188 332 184 349 184 359 181 311 162 325 156 343 155 354 159 313 139 324 127 338 120 350 143 323 125 328 113 340 104 349 
433 513 372 501 338 468 318 438 300 417 375 424 341 391 312 380 288 374 391 435 350 406 309 410 282 420 400 458 355 443 318 455 298 467 401 488 359 483 330 492 312 502 193 364 216 366 234 359 231 364 219 374 205 321 192 331 183 351 174 368 179 317 161 317 148 324 137 332 157 319 137 321 123 327 111 335 142 329 123 327 111 332 100 337 
431 511 370 496 336 451 318 412 304 384 374 417 342 388 311 381 286 378 391 427 349 399 308 410 284 427 401 449 358 428 323 441 305 456 406 479 367 471 340 479 324 489 195 365 216 368 234 362 232 365 222 372 204 319 187 333 179 345 174 356 177 317 155 322 141 333 130 345 156 321 135 325 120 335 109 345 142 332 122 330 109 336 98 342 
437 513 371 493 338 449 322 411 309 383 377 420 343 400 314 398 287 399 393 431 351 405 314 406 286 412 403 453 361 432 325 432 298 436 404 482 371 473 344 475 322 480 192 356 214 362 232 360 231 368 220 376 203 319 194 331 185 352 174 371 176 319 160 318 148 326 136 336 154 324 135 325 122 333 111 344 139 336 121 335 110 340 100 347 
435 508 377 490 343 455 322 425 302 404 378 418 355 382 322 375 296 378 391 433 353 405 311 406 283 413 397 458 353 442 313 446 287 451 398 489 359 478 329 484 308 492 192 367 213 370 231 363 227 368 215 375 201 319 187 315 171 321 156 332 173 320 151 320 136 332 124 347 152 326 130 328 117 340 107 355 139 336 120 336 111 345 104 358 
425 511 371 488 342 453 323 430 305 415 371 414 342 385 308 384 284 390 386 425 359 392 320 391 294 399 398 447 376 421 342 417 320 418 405 478 387 462 363 460 347 462 210 372 226 375 230 369 208 371 185 373 205 321 187 327 174 347 164 364 182 315 163 310 147 314 135 319 164 320 142 318 131 320 122 323 150 333 133 332 126 334 119 337 
421 515 361 486 333 444 314 415 292 399 365 412 332 398 305 399 284 402 382 422 358 400 330 393 307 391 397 443 379 423 355 412 336 405 405 474 392 464 376 459 362 456 201 362 220 368 227 366 212 364 193 368 206 313 176 328 163 343 154 354 182 306 153 321 137 335 125 345 162 309 136 321 124 332 118 342 143 319 122 316 103 312 88 310 
433 513 377 489 345 451 326 419 307 395 385 421 363 386 335 374 309 370 398 435 356 412 313 413 283 419 404 460 360 446 321 450 294 455 405 489 374 479 347 480 327 483 197 358 217 366 229 365 216 367 197 369 205 317 185 331 172 352 162 371 180 309 155 317 137 325 120 334 161 312 136 317 119 320 103 325 145 322 125 320 111 321 97 323 
430 508 375 486 344 443 327 405 312 380 383 412 361 381 335 375 312 374 397 424 358 404 320 406 292 414 404 446 366 432 330 435 303 441 408 475 379 473 355 477 336 482 201 357 219 364 229 365 217 369 201 372 206 318 184 332 173 346 166 357 184 310 160 340 169 359 177 367 166 313 143 331 141 341 140 346 152 320 134 324 121 327 108 330 
410 520 365 487 344 445 330 413 311 386 362 411 330 403 303 415 283 428 379 416 343 412 311 424 286 439 396 432 367 423 336 428 311 437 413 459 417 442 414 431 410 424 207 360 225 366 231 365 214 370 195 372 208 320 186 328 171 341 160 355 186 313 162 316 143 322 127 329 168 316 145 318 130 321 117 326 155 327 136 326 124 327 113 329 
413 520 368 483 347 443 333 416 312 391 367 419 330 419 302 433 278 448 385 434 357 426 333 431 313 440 401 458 392 441 380 435 368 432 415 490 433 474 439 456 442 439 211 349 226 364 225 370 206 375 189 377 210 328 180 339 162 352 147 365 190 314 158 317 134 322 115 327 174 310 143 314 125 316 111 320 162 316 139 317 124 319 112 322 
438 512 387 486 347 449 320 421 301 391 365 429 313 439 282 451 257 461 380 447 322 455 290 469 266 479 393 472 344 476 312 486 288 495 404 500 374 505 354 513 335 522 189 355 211 366 217 377 208 387 196 393 207 351 203 375 200 393 197 407 182 337 155 361 130 378 110 394 160 332 133 353 114 365 97 375 145 333 127 350 116 363 106 375 
439 497 390 476 343 448 312 419 290 393 346 439 297 446 268 454 243 459 362 454 309 461 280 470 258 479 375 478 326 488 296 502 274 513 387 506 349 522 324 536 305 550 -1 -1 -1 -1 -1 -1 -1 -1 -1 -1 -1 -1 -1 -1 -1 -1 -1 -1 -1 -1 -1 -1 -1 -1 -1 -1 -1 -1 -1 -1 -1 -1 -1 -1 -1 -1 -1 -1 -1 -1 -1 -1 
219 332 227 363 227 389 219 407 214 424 175 373 147 398 129 413 111 425 154 360 115 383 90 396 70 405 140 351 102 369 80 381 61 390 133 346 100 357 80 363 63 369 433 495 386 478 334 458 299 434 276 409 326 469 272 487 240 501 213 513 343 484 285 512 251 533 226 549 363 505 312 533 281 554 257 570 383 529 347 549 324 564 305 578 
214 339 226 366 224 386 215 402 212 418 172 372 142 398 120 415 101 429 153 359 110 385 82 402 59 413 142 351 100 373 73 388 52 397 137 348 103 361 81 369 62 376 435 495 388 478 333 463 295 442 270 417 328 472 271 494 238 511 212 524 343 487 283 517 248 541 221 559 364 508 310 538 277 560 251 576 386 531 348 553 324 569 302 582 
215 340 226 367 225 388 216 405 212 421 172 373 142 403 123 422 105 435 152 360 110 387 83 404 60 417 141 351 101 374 76 389 56 399 137 349 103 361 83 370 66 377 436 494 387 477 334 464 295 443 270 418 323 476 269 499 237 518 211 531 340 490 283 519 247 543 220 560 362 508 310 539 277 562 252 579 387 529 348 554 325 571 303 585 
215 341 225 367 224 388 216 405 211 422 172 373 142 401 123 420 106 434 153 359 111 387 85 406 63 419 142 351 102 375 77 391 57 402 138 349 104 362 83 371 66 380 438 496 389 478 336 465 296 444 270 419 324 474 268 499 236 518 211 532 341 488 281 520 247 545 221 563 363 508 308 539 275 562 249 579 387 529 347 555 324 572 302 586 
215 341 225 367 225 389 216 407 211 425 175 371 142 398 122 417 105 432 155 357 112 386 86 406 65 420 143 350 103 374 78 391 59 403 138 349 104 362 83 372 66 380 438 495 389 477 336 463 297 442 271 417 328 471 271 495 238 514 213 529 344 486 284 517 248 542 222 560 366 506 310 537 276 560 250 578 388 529 348 553 323 569 301 583 
213 339 226 368 228 392 220 412 214 430 177 375 147 405 128 427 113 444 156 361 115 390 89 413 70 430 143 352 104 377 80 396 62 411 137 350 104 363 84 374 67 385 438 496 389 478 335 463 296 441 269 416 327 470 270 493 237 512 212 527 344 484 284 515 248 541 222 560 366 505 310 535 277 559 251 576 388 528 347 552 323 569 301 583 
219 330 236 359 239 384 231 404 229 423 186 371 156 403 138 426 123 445 165 358 124 392 100 416 80 435 151 350 112 380 88 402 69 418 144 347 110 365 89 378 73 389 437 497 388 478 334 462 294 440 267 416 329 468 270 491 238 509 213 524 345 483 284 514 249 538 223 557 366 504 309 534 277 557 252 575 387 528 346 551 322 567 300 581 
205 331 221 361 223 392 215 414 207 426 176 375 145 405 124 427 107 443 153 359 114 391 88 415 67 433 137 347 98 376 73 398 53 415 128 340 92 356 68 370 48 382 441 497 392 478 338 463 299 441 273 415 333 467 274 487 240 503 213 516 350 483 287 511 252 534 225 552 369 504 312 531 278 554 252 571 390 528 348 550 323 565 301 578 
441 498 393 479 340 463 301 441 276 416 335 467 276 486 242 502 215 514 351 482 288 510 251 534 224 551 371 504 313 531 279 553 252 569 391 528 349 550 324 565 301 578 -1 -1 -1 -1 -1 -1 -1 -1 -1 -1 -1 -1 -1 -1 -1 -1 -1 -1 -1 -1 -1 -1 -1 -1 -1 -1 -1 -1 -1 -1 -1 -1 -1 -1 -1 -1 -1 -1 -1 -1 -1 -1 
441 498 392 479 339 462 300 440 274 416 335 465 276 483 242 499 215 512 351 481 288 508 251 532 223 551 370 503 313 529 278 552 252 568 390 527 348 549 324 564 301 577 -1 -1 -1 -1 -1 -1 -1 -1 -1 -1 -1 -1 -1 -1 -1 -1 -1 -1 -1 -1 -1 -1 -1 -1 -1 -1 -1 -1 -1 -1 -1 -1 -1 -1 -1 -1 -1 -1 -1 -1 -1 -1 
155 282 158 316 139 338 114 349 95 360 78 320 31 339 5 354 -13 365 63 303 15 325 -10 343 -28 357 56 292 13 313 -9 329 -25 342 55 288 19 303 -1 316 -16 327 439 498 392 479 339 462 299 441 273 416 334 464 275 483 241 499 214 512 350 481 288 508 252 532 225 551 370 502 313 528 279 551 252 568 391 527 348 548 323 564 301 577 
168 281 165 315 148 337 126 347 111 352 94 317 55 335 33 347 18 357 81 301 39 321 16 337 0 348 75 290 36 308 14 321 -1 330 74 284 42 295 23 303 10 309 437 498 389 479 336 463 297 442 271 417 332 464 274 482 240 499 214 512 349 480 287 507 250 532 224 552 369 502 312 528 278 550 252 567 390 527 346 548 321 563 300 577 
183 284 188 314 180 342 170 357 163 367 120 335 88 353 67 367 49 377 105 321 70 338 46 351 26 361 97 308 63 322 42 332 23 340 95 298 67 305 49 311 33 316 437 498 388 479 335 463 296 443 269 417 332 465 274 482 240 499 214 512 349 480 287 508 251 533 225 552 369 502 312 528 278 550 252 567 390 527 347 548 322 564 300 577 
208 290 216 322 207 350 193 370 190 386 158 342 124 367 103 386 87 402 140 327 98 350 73 370 55 387 129 316 91 337 66 354 47 367 126 311 94 320 74 329 59 337 437 497 389 478 336 462 296 441 269 416 332 464 274 482 240 498 213 510 349 481 286 508 249 533 222 551 369 503 311 528 276 550 250 566 389 527 346 548 321 563 299 576 
216 302 228 337 219 364 205 383 202 401 169 353 135 381 114 402 97 417 150 339 106 366 79 388 59 403 138 329 96 352 71 371 51 385 134 323 99 336 78 346 61 354 439 498 391 479 337 462 297 442 270 417 333 464 275 482 241 499 214 511 350 480 287 508 250 533 224 551 370 502 312 528 277 551 251 567 390 527 346 548 321 564 299 576 
219 307 231 341 224 369 209 387 203 407 176 354 139 381 117 404 99 421 156 340 109 368 82 392 61 410 144 330 100 356 73 377 54 393 140 325 103 340 80 349 62 358 439 498 390 479 337 463 297 442 269 417 333 464 275 482 240 498 213 510 349 481 287 508 250 533 224 551 369 502 312 528 277 550 251 566 390 527 347 547 322 562 300 575 
217 308 229 342 222 369 208 388 204 408 174 355 139 380 117 403 99 421 154 341 108 368 81 391 60 409 142 332 99 356 73 377 54 392 138 328 102 341 80 350 62 359 438 498 389 479 335 464 295 443 267 417 333 464 275 483 240 498 213 511 350 480 287 508 251 532 224 551 369 502 312 527 277 550 252 567 390 527 347 547 322 562 300 575 
215 307 227 341 219 367 204 386 201 406 171 354 135 380 114 402 96 420 152 340 106 367 79 390 59 407 141 330 97 355 71 374 52 389 137 325 100 339 78 348 61 357 438 498 389 479 334 464 294 443 265 418 332 465 275 483 240 498 213 510 349 480 287 508 251 532 225 551 369 502 311 527 277 550 252 567 390 527 347 547 322 562 300 575 
214 307 225 339 218 364 202 382 197 402 168 351 133 377 112 399 94 417 149 337 104 365 77 388 57 405 138 328 95 353 69 372 51 387 134 323 98 337 77 346 59 355 438 497 389 479 334 464 294 443 265 418 332 464 275 482 241 498 214 510 349 480 287 508 251 532 225 551 369 501 311 527 278 550 252 566 390 526 347 547 322 562 300 575 
214 306 226 338 219 364 204 383 200 402 168 349 134 377 113 399 95 416 149 336 104 363 78 387 58 405 138 327 95 351 70 372 52 387 135 323 99 336 77 345 60 354 438 497 389 479 334 464 294 444 265 420 332 465 276 482 241 498 215 510 349 480 287 508 251 533 224 551 369 502 312 528 278 550 253 567 390 526 347 546 322 562 301 575 
214 305 226 338 218 364 203 382 199 400 169 349 134 376 112 398 95 416 150 335 105 363 78 387 58 405 139 326 95 351 70 371 51 386 135 322 99 336 77 345 60 354 438 496 389 478 334 463 292 444 263 421 332 464 276 481 242 497 216 509 349 480 288 506 251 530 224 549 369 501 312 527 278 549 251 565 389 525 347 546 322 561 300 575 
211 305 223 337 216 363 201 381 196 399 168 348 132 373 110 395 92 413 148 334 103 362 76 385 56 403 137 326 93 350 68 371 49 386 132 322 96 336 73 346 56 355 436 494 388 473 333 458 289 441 259 420 335 460 277 473 242 487 215 499 350 479 286 500 248 521 220 539 367 502 307 524 272 543 245 558 384 527 340 548 313 563 290 575 
210 301 213 328 207 354 199 374 200 391 155 344 125 363 106 381 93 399 139 333 100 353 76 374 57 392 130 327 91 344 68 361 50 375 127 325 95 335 74 346 57 356 425 477 387 442 343 409 315 383 305 357 322 430 271 436 239 440 217 442 330 460 275 474 239 484 212 492 342 490 290 504 255 514 230 521 358 520 314 531 288 538 266 542 
427 451 412 407 383 369 356 347 337 335 347 408 288 403 252 395 226 386 335 437 269 424 227 407 197 390 329 460 266 454 230 441 204 427 326 478 275 475 246 469 224 460 -1 -1 -1 -1 -1 -1 -1 -1 -1 -1 -1 -1 -1 -1 -1 -1 -1 -1 -1 -1 -1 -1 -1 -1 -1 -1 -1 -1 -1 -1 -1 -1 -1 -1 -1 -1 -1 -1 -1 -1 -1 -1 
714 127 681 91 641 81 608 79 587 65 613 135 565 138 537 140 517 144 618 163 568 167 539 169 517 172 631 184 586 199 557 208 535 215 647 197 619 212 602 220 587 226 425 417 429 368 409 329 387 300 367 274 357 366 296 353 255 340 223 328 339 400 274 383 230 364 197 347 329 425 268 411 228 393 198 376 326 442 277 432 247 420 224 405 
713 148 679 115 637 108 600 106 574 97 612 168 562 167 533 167 512 169 619 193 566 195 537 196 516 199 630 210 585 222 558 229 537 236 645 218 617 231 599 237 585 242 435 386 437 338 421 298 407 267 401 239 382 319 335 295 305 281 278 271 361 348 304 322 266 306 235 293 344 373 289 349 253 332 224 318 333 395 286 377 260 363 239 352 
714 157 681 126 642 113 602 109 571 101 616 171 560 166 532 162 510 160 621 200 562 198 530 196 507 196 632 219 581 224 550 227 527 229 644 228 607 230 588 229 573 228 428 359 427 310 417 266 411 228 407 194 398 295 357 274 324 258 294 245 381 329 324 308 280 290 244 275 364 357 310 339 268 321 237 305 352 379 306 368 273 357 246 345 
710 154 683 116 647 92 609 84 583 88 621 155 561 146 537 133 524 122 620 184 559 175 529 162 512 150 624 202 570 197 539 186 518 176 629 210 588 208 563 205 547 199 419 376 414 331 396 283 387 245 390 214 366 311 326 291 304 279 288 267 351 340 303 322 271 310 245 300 341 368 295 353 268 340 246 326 336 394 303 383 285 373 271 360 
702 136 684 91 653 63 621 43 595 29 615 123 559 103 531 84 513 68 610 153 544 142 514 121 500 101 610 169 553 159 530 138 521 119 614 173 569 162 551 145 543 129 426 395 408 345 378 310 359 281 358 261 345 357 311 369 284 376 262 382 339 385 297 396 264 402 239 409 336 406 294 415 265 419 246 423 337 422 302 427 281 431 267 431 
695 130 675 86 641 54 606 33 575 21 604 119 547 103 514 85 494 68 598 151 530 146 500 125 487 103 598 168 538 159 517 136 509 115 601 172 557 158 541 138 533 121 412 429 392 380 358 348 333 330 323 321 338 402 293 421 256 435 226 448 341 432 283 451 241 461 207 469 342 453 287 468 249 475 221 480 343 466 298 476 269 481 247 484 
687 124 666 79 630 42 594 15 563 1 593 107 531 91 498 75 478 59 588 141 515 140 484 119 473 97 587 160 525 153 508 128 504 107 590 166 545 152 532 131 529 114 402 428 386 383 359 359 333 342 313 333 333 409 285 432 251 442 222 451 330 443 268 466 225 475 191 480 328 465 269 484 228 493 197 497 328 477 281 491 248 497 222 500 
682 131 656 83 613 46 574 22 538 16 574 114 512 102 481 89 463 74 571 149 500 149 470 131 460 110 574 170 512 165 491 144 485 123 579 176 535 164 520 145 515 127 402 423 387 376 362 351 337 334 318 322 337 405 290 426 256 437 226 446 335 438 274 462 229 471 194 477 334 460 275 482 232 489 198 492 332 471 286 485 253 488 226 488 
676 141 648 95 605 57 567 32 533 24 560 129 499 114 472 99 459 84 558 161 487 160 462 138 458 115 562 180 501 176 481 151 475 128 567 185 520 177 502 158 494 141 404 422 389 376 366 351 342 335 322 320 339 402 293 424 260 434 230 444 337 436 275 461 231 469 195 476 335 459 277 482 234 489 200 492 332 470 287 484 255 487 230 485 
669 161 630 119 580 93 544 79 518 70 540 166 490 158 466 140 454 120 541 192 487 187 464 163 455 139 547 204 495 203 474 179 465 155 553 206 511 201 492 186 480 168 403 422 388 375 365 352 341 336 320 323 337 404 291 426 257 437 227 448 335 438 273 463 228 472 194 478 334 460 276 482 233 489 200 492 331 471 286 485 254 488 229 487 
670 191 627 153 579 132 536 120 504 113 546 204 487 199 461 193 442 189 552 233 495 231 469 223 453 217 563 249 514 250 488 242 471 236 574 255 532 257 511 252 496 248 401 423 386 377 363 353 339 337 316 324 335 405 290 426 256 438 225 449 334 439 272 464 228 472 193 478 332 461 275 483 232 490 199 493 330 471 285 486 253 490 227 489 
663 205 623 172 575 159 534 153 509 139 549 222 492 218 463 216 440 219 554 247 496 243 465 243 442 246 563 262 515 265 486 268 464 273 572 269 536 275 514 277 497 281 401 424 386 378 363 354 338 338 316 323 335 405 289 426 255 438 225 449 334 439 272 464 228 472 194 478 332 461 275 483 233 490 200 493 330 472 285 487 253 490 227 489 
657 212 617 178 571 166 531 160 506 144 541 226 487 221 459 220 437 222 547 253 492 248 461 246 439 247 558 269 511 274 483 277 462 281 571 277 537 284 520 286 507 288 401 423 385 378 362 354 337 338 316 324 335 406 288 427 255 438 225 449 334 440 271 465 227 473 193 480 332 462 275 485 233 492 201 495 330 473 285 487 254 490 229 489 
654 222 613 188 566 175 526 169 502 155 538 236 487 230 459 228 437 229 544 262 492 255 463 252 441 252 556 279 511 282 484 283 462 287 569 287 538 291 521 291 508 293 400 424 385 378 362 354 337 339 315 325 333 407 287 428 254 439 224 449 332 441 271 465 227 473 193 479 331 463 274 485 232 491 199 494 329 473 284 488 252 492 227 490 
652 237 611 206 562 197 523 193 501 180 539 257 489 249 463 246 442 246 545 282 494 274 466 269 446 268 556 297 512 300 485 301 464 304 571 305 541 311 524 312 511 313 400 425 384 379 361 355 336 339 314 325 333 407 287 428 254 439 224 450 332 441 271 464 227 473 192 479 331 463 273 485 231 492 198 495 329 474 284 488 252 492 226 491 
657 247 617 221 570 216 531 216 505 210 548 270 497 260 471 256 450 256 554 294 502 285 474 280 453 279 566 308 520 310 493 312 472 314 579 314 549 321 532 324 519 327 399 424 383 378 360 354 336 339 314 325 333 406 287 428 253 439 223 450 331 440 270 465 226 473 192 479 330 462 273 484 230 491 197 494 327 473 282 488 251 491 226 490 
662 250 625 219 578 218 538 221 510 217 552 270 499 258 471 253 450 252 557 294 504 282 475 276 453 275 568 308 522 308 493 308 470 310 581 313 551 319 532 321 516 323 398 424 383 378 359 354 334 338 313 323 332 406 286 427 253 438 223 449 331 440 270 464 226 472 192 479 329 462 272 484 230 491 198 494 327 473 283 487 251 490 226 489 
668 248 632 217 584 218 543 226 514 229 558 268 505 256 477 250 455 247 563 292 507 279 476 269 454 264 572 306 523 306 493 306 469 307 585 311 552 317 531 318 515 319 398 424 383 378 360 354 335 338 314 323 333 406 287 426 253 437 223 448 331 440 269 463 226 472 191 478 329 462 272 483 230 490 197 493 327 472 282 486 251 489 225 488 
673 253 636 220 587 222 547 237 519 247 562 273 509 261 480 254 458 251 565 296 511 283 481 275 459 270 574 309 525 309 495 309 471 310 586 314 554 320 534 322 518 324 398 424 383 378 360 354 334 338 314 323 331 406 286 426 253 437 223 449 330 440 269 464 226 473 191 479 329 462 272 484 230 490 197 493 328 472 283 486 251 489 226 487 
671 255 633 225 584 229 546 244 517 251 560 278 506 269 478 263 456 260 566 301 509 292 478 284 457 279 575 314 525 317 495 316 472 316 588 318 554 326 533 328 517 330 399 424 384 379 360 354 335 338 314 322 333 406 287 426 254 437 224 448 331 440 270 463 226 472 192 478 329 461 272 483 230 490 197 493 328 472 282 486 251 489 225 487 
670 258 630 229 582 234 544 248 516 257 560 282 506 272 479 265 457 262 566 305 509 295 479 288 457 284 575 317 526 318 495 317 472 318 588 321 554 329 533 331 517 332 399 424 383 379 360 354 336 337 314 322 333 405 287 426 253 436 223 447 331 439 270 464 226 472 192 478 330 461 273 483 230 490 197 493 328 472 283 486 251 489 226 487 
668 259 630 230 582 234 543 248 514 256 557 282 504 272 476 266 455 263 563 304 507 296 478 290 457 288 573 317 523 318 494 318 471 318 586 321 553 330 533 332 517 333 398 424 383 378 360 354 335 338 314 322 332 406 286 426 252 437 222 448 330 440 269 464 225 472 191 479 329 462 273 483 231 490 198 493 328 472 283 487 252 490 226 489 
662 258 624 229 574 229 535 244 505 251 549 279 498 269 471 263 450 259 555 301 502 292 473 285 450 280 566 313 519 316 489 314 465 314 580 317 548 326 528 328 513 329 398 425 382 380 358 355 333 338 312 323 332 406 286 426 252 437 222 448 330 440 269 464 225 472 191 478 329 462 272 483 230 490 197 493 328 472 283 486 251 490 225 489 
653 255 615 226 565 227 527 239 497 242 542 275 489 263 463 256 441 253 547 298 494 285 465 278 443 274 557 310 508 309 479 306 456 306 570 315 534 320 513 319 496 319 398 424 382 379 358 355 333 338 312 323 331 406 285 427 252 437 222 448 330 440 268 464 225 472 191 478 329 461 272 483 230 490 197 493 328 472 283 486 251 489 225 489 
648 253 609 223 558 223 520 235 493 240 538 273 487 255 462 244 442 237 541 294 489 276 462 264 440 257 548 304 500 297 470 288 446 282 555 307 514 308 487 304 466 301 398 424 382 379 359 355 334 338 312 323 330 406 285 426 252 437 222 448 329 440 268 464 225 472 191 479 328 461 272 483 230 490 198 493 327 472 282 486 251 489 225 488 
643 248 606 217 557 217 518 230 490 235 532 265 482 247 458 236 439 231 536 287 484 265 457 251 438 243 543 298 492 288 463 278 439 273 551 301 509 301 482 297 461 293 398 425 382 379 359 355 334 338 312 323 330 406 285 426 252 437 222 448 329 440 268 464 225 473 191 479 328 462 272 483 230 490 197 494 327 472 282 486 251 489 226 488 
641 247 606 215 558 217 519 229 490 234 532 265 481 246 457 235 437 230 536 287 484 265 457 252 437 245 545 298 496 288 466 280 443 275 554 301 514 302 490 299 470 296 397 424 381 379 358 355 334 338 312 324 330 406 284 427 251 437 222 448 329 440 267 464 224 473 190 479 328 462 271 483 230 490 197 493 326 472 281 486 250 489 225 488 
643 247 607 215 558 218 519 229 491 235 533 265 482 248 457 237 438 232 538 287 485 267 458 254 437 247 548 298 500 291 471 285 448 281 559 302 521 305 499 302 481 300 397 425 381 380 358 356 333 339 311 324 329 407 283 427 250 437 221 449 328 441 267 464 224 473 190 480 328 462 272 484 229 491 197 494 326 472 281 486 250 489 225 488 
644 246 610 214 561 215 521 228 491 233 534 262 484 243 460 232 440 227 538 285 485 263 458 249 437 241 546 297 495 286 465 276 441 270 555 301 514 301 488 297 467 295 396 424 380 379 358 355 333 339 310 325 329 408 283 427 250 438 220 449 328 441 267 465 223 473 190 480 327 462 271 483 229 491 197 494 326 472 281 486 250 489 225 488 
643 245 609 212 560 214 521 226 492 232 535 260 484 241 460 230 441 225 538 283 484 260 458 246 438 238 545 295 493 282 463 271 440 265 553 299 510 298 483 295 461 292 395 424 380 379 357 354 332 338 309 324 329 406 284 427 250 438 220 449 328 440 268 464 224 473 190 479 327 461 271 483 229 490 196 493 326 472 281 486 250 490 224 489 
644 243 609 211 560 213 520 225 492 231 535 260 484 241 460 231 440 227 539 283 485 261 458 247 437 239 548 295 498 286 468 277 445 272 558 299 519 301 495 298 475 295 396 424 380 379 357 355 333 338 311 324 329 406 284 427 250 438 221 449 328 440 267 464 224 473 190 480 327 462 271 483 228 490 196 494 325 472 280 486 249 489 223 488 
646 243 610 211 561 213 522 225 493 230 537 261 486 243 461 233 442 228 541 284 488 263 460 249 439 242 551 296 502 289 472 282 449 278 563 300 526 304 503 302 485 300 397 425 381 379 358 355 332 339 310 326 329 407 283 428 250 439 220 450 328 441 267 465 223 474 190 480 328 463 271 485 230 491 198 494 326 473 281 487 250 491 225 490 
650 243 613 212 565 214 525 227 496 232 540 262 490 243 466 232 447 227 545 286 491 264 463 251 442 244 555 298 506 291 476 284 453 279 567 303 530 306 507 304 489 301 397 425 381 380 358 356 333 339 310 325 329 407 283 428 250 439 221 450 328 441 267 465 224 474 190 480 327 462 271 484 229 491 196 494 326 473 281 487 249 490 224 489 
653 243 616 212 569 215 530 227 501 234 545 262 495 243 470 233 450 228 549 286 495 266 467 253 445 247 559 299 510 293 481 287 458 283 571 304 535 307 513 305 496 302 397 425 381 380 357 356 332 339 310 325 330 407 284 428 250 439 220 450 329 440 268 465 225 474 191 481 327 462 271 484 230 491 197 495 325 473 281 486 250 489 224 489 
658 243 620 213 573 215 534 228 506 232 549 262 499 244 474 234 454 230 554 286 500 267 471 255 450 249 564 300 516 295 486 289 464 286 576 305 540 309 519 306 503 303 397 425 380 380 357 356 332 340 310 326 330 407 284 429 250 440 220 450 329 442 268 466 225 475 192 481 328 464 273 486 232 492 201 495 327 474 283 488 253 491 228 490 
665 244 625 214 577 216 539 229 510 234 555 265 505 246 480 234 460 229 560 289 506 269 477 257 455 251 570 303 521 297 491 291 469 288 583 308 546 311 525 308 509 305 398 426 381 381 358 357 333 341 311 327 329 409 284 430 250 441 220 451 329 443 269 467 226 475 192 481 328 465 273 487 231 494 199 497 327 475 282 489 251 493 226 493 
668 244 629 215 582 219 543 232 515 238 558 267 509 249 485 237 465 232 563 292 509 273 480 261 458 255 574 305 524 300 495 294 473 290 586 310 549 314 528 311 511 308 398 426 382 381 358 357 332 341 311 327 330 408 284 430 251 441 221 451 329 442 269 465 226 474 192 480 328 464 272 486 231 493 199 496 327 475 283 489 252 493 226 493 
670 242 631 213 584 216 545 229 517 236 560 267 511 248 487 237 468 231 565 291 512 273 483 261 460 254 577 304 527 300 498 293 475 287 590 309 553 314 532 311 515 308 397 426 381 380 357 357 332 341 310 326 330 408 285 429 251 440 221 451 329 442 268 466 225 475 191 481 328 464 271 485 230 493 197 496 326 474 281 489 250 492 224 492 
670 238 630 210 584 211 546 224 518 229 560 263 510 244 487 233 469 227 565 287 512 269 483 257 460 251 576 301 526 297 497 290 475 286 589 306 552 311 531 308 515 304 396 425 381 380 358 356 333 340 311 325 330 408 284 429 250 440 220 451 328 441 269 465 225 474 191 481 327 463 272 485 230 492 198 496 325 474 281 489 250 492 225 492 
673 235 634 206 586 207 548 220 520 226 562 261 512 241 488 230 469 224 567 285 513 266 484 254 462 248 579 298 529 293 499 287 475 282 592 303 555 308 533 304 516 301 397 426 381 381 358 356 333 339 311 325 330 408 284 429 251 440 221 451 329 442 269 466 226 474 192 481 328 464 273 486 232 494 200 497 327 474 283 489 252 493 228 492 
674 233 635 204 589 206 551 219 522 225 564 259 514 240 490 228 471 223 569 284 514 264 485 253 462 246 579 298 529 292 499 285 476 279 592 303 554 306 532 301 514 297 402 427 384 382 358 357 333 337 313 320 331 405 286 425 254 436 226 445 333 437 271 460 228 471 194 480 334 461 278 481 238 491 206 497 335 475 291 491 261 498 236 501 
677 232 638 204 591 206 552 219 524 226 566 258 517 240 493 229 474 224 571 283 517 265 488 254 465 247 582 297 532 293 502 286 479 282 595 302 557 306 536 303 519 299 407 425 377 389 334 355 302 330 279 315 331 376 283 375 248 380 219 385 337 406 282 417 251 421 229 423 344 435 287 447 249 454 220 460 352 464 308 482 280 490 256 496 
680 231 639 203 592 206 554 220 526 226 569 258 520 240 496 229 477 225 574 283 520 265 491 254 468 249 585 297 535 293 505 287 482 283 598 302 560 307 539 304 523 300 415 431 382 399 335 381 292 374 256 372 335 373 271 368 241 384 230 399 343 394 275 400 254 417 257 427 352 422 289 433 272 446 273 452 361 451 312 467 283 481 266 490 
683 232 642 203 595 207 557 220 529 226 571 258 522 240 498 229 479 224 577 283 522 265 493 255 470 250 588 297 538 293 508 288 486 284 602 302 564 308 543 304 526 300 418 437 375 410 318 402 270 406 234 407 325 377 260 381 245 408 250 426 341 397 269 410 255 437 264 450 354 425 287 442 276 462 283 470 366 455 311 472 290 486 283 494 
687 230 645 202 599 205 560 218 532 224 576 255 526 239 501 230 481 226 582 281 526 265 496 256 473 252 592 296 541 293 512 288 490 284 605 303 567 308 547 304 531 301 426 433 382 411 332 404 291 412 261 427 320 385 255 393 222 417 205 438 333 400 263 414 227 443 207 467 350 425 283 442 247 467 223 486 366 455 317 475 288 494 267 511 
684 220 637 197 590 204 555 218 529 213 583 247 533 264 502 277 479 289 596 276 549 306 521 327 499 347 613 295 577 330 554 353 536 373 632 305 611 336 596 356 583 372 426 430 379 411 332 406 301 408 278 413 304 403 243 416 209 432 183 449 317 417 251 438 212 459 183 480 337 439 275 461 236 481 208 498 360 465 316 486 288 503 264 519 
690 217 642 208 591 212 551 215 522 205 588 227 539 235 509 240 485 243 599 247 553 265 525 279 502 291 617 268 580 292 556 310 536 324 641 288 621 311 608 329 597 346 427 428 372 412 320 418 283 430 258 446 303 416 243 430 209 444 182 456 314 434 252 457 213 478 184 495 332 456 276 483 241 501 213 515 355 479 315 505 289 522 267 537 
685 214 637 207 587 216 545 219 514 204 592 223 540 232 507 238 481 240 606 240 559 256 526 269 501 279 625 259 588 280 561 293 538 303 648 278 627 299 614 314 600 330 429 426 376 413 323 422 280 423 248 415 309 422 246 440 210 453 181 464 320 438 254 466 214 490 184 508 338 458 279 487 242 508 213 523 362 479 320 508 294 528 271 545 
682 213 636 209 585 220 544 226 516 210 589 225 538 237 506 243 478 245 604 241 559 259 527 274 501 285 624 259 588 281 562 296 539 307 649 278 629 300 617 315 604 329 427 425 374 412 321 420 279 421 248 410 307 424 244 440 208 454 180 464 319 440 253 468 213 492 185 510 337 460 279 490 243 511 215 525 361 481 321 510 295 529 272 545 
685 217 639 212 590 224 550 230 521 216 593 230 543 245 512 253 486 257 609 246 563 268 534 285 510 298 631 265 596 288 572 306 551 318 657 283 639 307 628 323 616 338 433 422 376 411 321 419 279 420 249 409 310 424 251 442 215 457 187 469 322 441 260 469 222 494 193 513 342 461 286 492 251 515 225 531 367 482 329 513 304 534 282 552 
691 222 645 216 595 229 555 236 526 223 600 235 550 253 519 261 492 266 617 252 572 275 542 294 518 308 640 270 606 294 582 313 561 327 666 287 648 313 637 330 626 347 448 419 390 408 335 418 291 422 259 412 325 426 268 446 234 461 206 473 339 445 282 478 246 504 218 523 360 465 310 501 277 525 252 542 386 484 351 517 328 538 307 555 
692 223 646 218 597 232 556 240 526 228 602 238 552 255 520 264 494 270 620 254 577 278 546 296 521 310 644 271 611 296 586 315 565 330 670 287 652 313 640 330 628 349 460 415 408 401 355 409 315 413 284 406 337 424 278 446 244 461 218 473 348 444 289 478 254 504 228 524 369 463 316 498 285 522 260 540 396 481 363 512 343 533 325 551 
691 222 644 217 596 231 555 239 525 228 601 239 550 255 519 265 493 270 619 255 576 277 545 295 520 309 642 271 610 296 584 315 563 330 668 288 650 313 638 331 626 349 456 410 404 394 351 400 312 402 282 397 331 411 273 428 236 439 208 448 342 432 281 463 244 484 215 501 362 454 307 488 274 509 248 524 387 474 351 505 327 523 306 538 
691 222 643 217 594 231 553 239 522 228 600 239 549 256 517 265 491 271 618 255 574 277 543 295 517 309 641 271 608 296 582 315 560 330 667 288 648 314 636 331 623 349 446 418 391 401 338 403 298 401 269 388 321 410 260 426 224 438 195 447 333 432 270 461 232 483 203 499 354 456 299 489 264 510 239 525 379 479 341 510 317 531 297 548 
691 220 642 216 593 230 552 238 522 227 599 239 549 255 517 264 490 269 616 255 573 276 541 293 515 306 639 271 606 296 579 315 558 329 665 287 646 313 635 330 622 348 438 428 378 422 317 431 273 427 242 410 308 448 259 465 228 476 203 484 325 469 283 503 255 525 233 541 351 489 319 525 295 546 276 562 383 506 360 541 341 562 324 581 
691 219 643 215 594 228 553 237 521 225 600 236 549 253 516 262 490 267 617 252 573 274 541 291 516 304 639 269 606 294 580 313 559 328 665 285 647 311 635 328 624 346 461 437 407 427 350 438 303 444 267 436 344 447 284 473 250 491 222 503 361 465 301 503 267 531 241 552 383 484 334 524 303 551 279 569 408 501 377 538 358 562 341 583 
690 221 638 217 594 230 555 236 525 223 596 237 547 252 516 262 491 266 612 254 572 274 542 291 517 304 634 271 605 295 580 313 560 326 659 288 646 314 636 330 626 347 450 425 399 408 347 410 311 411 288 414 322 426 271 441 240 450 217 453 333 451 282 476 251 492 226 503 354 476 309 506 280 524 254 536 381 499 354 530 335 546 317 558 
690 219 645 213 597 225 554 233 522 222 601 232 548 250 517 260 490 267 618 247 572 271 541 289 518 304 640 264 607 291 582 310 560 324 665 280 647 308 637 326 625 344 452 419 402 398 347 399 305 394 275 379 333 407 272 410 233 411 203 411 342 427 276 442 233 454 200 461 358 450 298 469 260 481 230 489 380 473 338 497 311 510 287 521 
688 221 643 213 594 224 553 232 522 221 598 231 547 251 516 261 490 267 616 246 572 271 542 291 518 305 639 262 605 289 581 310 559 326 664 277 648 307 637 326 626 344 440 419 385 407 325 414 279 419 244 415 312 415 263 425 233 432 210 436 328 435 278 459 248 474 226 486 352 457 308 489 282 510 263 526 382 479 354 508 338 527 323 545 
678 235 633 224 589 227 553 227 523 223 592 239 546 253 515 263 491 271 607 259 570 276 541 295 518 313 628 275 603 296 581 313 561 330 653 287 645 311 637 328 628 346 455 417 401 409 342 421 295 426 261 419 341 423 284 449 252 469 226 483 360 440 303 477 269 505 242 525 384 458 333 497 301 524 274 542 410 475 375 510 352 533 331 551 
677 232 637 228 601 235 573 245 549 255 601 250 577 275 559 299 541 321 609 263 575 283 544 301 516 318 620 277 590 294 556 304 524 315 634 292 625 306 615 314 603 321 442 416 394 401 344 404 307 410 278 417 325 413 268 437 235 451 210 460 340 435 285 468 250 490 223 505 361 457 311 492 279 513 256 527 387 479 348 509 322 526 300 539 
439 421 390 398 336 398 289 394 259 378 322 402 260 406 222 408 193 408 331 423 262 439 219 452 187 460 347 446 284 464 244 477 213 485 368 469 322 491 296 502 271 511 -1 -1 -1 -1 -1 -1 -1 -1 -1 -1 -1 -1 -1 -1 -1 -1 -1 -1 -1 -1 -1 -1 -1 -1 -1 -1 -1 -1 -1 -1 -1 -1 -1 -1 -1 -1 -1 -1 -1 -1 -1 -1 
279 32 301 51 308 77 313 101 327 116 273 68 263 82 255 95 246 108 250 63 226 79 211 97 196 111 235 61 207 75 188 90 173 103 226 60 199 71 181 80 166 89 428 423 376 408 318 412 277 416 249 417 296 413 248 422 219 430 199 436 308 433 257 458 228 476 212 490 331 456 283 488 257 509 242 526 361 480 328 508 306 526 288 542 
281 28 297 50 304 75 312 96 323 109 270 67 260 81 253 93 244 104 249 61 225 78 211 95 198 110 234 58 206 74 189 89 175 103 226 58 199 70 184 80 170 89 450 422 394 415 335 426 290 432 257 420 333 428 278 458 248 479 227 497 351 444 295 483 264 512 242 534 375 463 326 503 295 531 273 551 402 483 366 519 344 542 325 561 
287 24 304 39 311 57 313 74 319 87 272 54 262 69 254 83 246 94 253 51 229 68 215 86 203 100 240 50 214 65 198 80 184 92 234 51 210 61 196 71 184 79 435 425 382 407 326 412 287 419 262 422 305 412 254 422 225 429 204 430 316 432 263 450 231 460 207 466 335 455 284 480 256 494 234 503 361 481 328 508 307 524 289 537 
297 14 314 25 320 35 322 44 324 52 275 38 261 47 251 55 243 65 261 40 236 52 220 66 208 78 252 43 229 54 215 66 205 78 249 47 230 55 219 64 209 71 445 423 394 398 344 396 304 397 275 403 329 391 263 389 226 389 197 387 337 411 267 416 226 425 194 429 350 435 286 443 246 451 215 454 366 461 322 478 294 490 269 499 
431 421 382 405 328 404 290 402 264 388 294 405 239 393 204 380 178 368 305 424 252 444 225 460 210 473 325 447 277 477 252 498 239 516 352 471 315 497 295 514 279 531 -1 -1 -1 -1 -1 -1 -1 -1 -1 -1 -1 -1 -1 -1 -1 -1 -1 -1 -1 -1 -1 -1 -1 -1 -1 -1 -1 -1 -1 -1 -1 -1 -1 -1 -1 -1 -1 -1 -1 -1 -1 -1 
223 270 235 299 228 328 208 350 198 375 177 311 145 339 125 361 108 378 155 301 111 330 85 353 64 368 142 295 101 320 76 339 56 351 138 292 105 308 83 318 66 326 453 423 395 411 334 420 288 424 256 410 332 424 277 448 245 466 218 480 350 442 295 480 261 508 235 530 372 462 322 501 291 525 266 543 397 482 363 517 341 540 322 559 
221 271 232 300 227 334 214 362 210 384 182 319 160 351 146 376 133 396 159 309 122 336 100 361 83 381 146 303 109 327 86 348 68 365 141 303 109 318 89 330 73 340 443 424 390 411 331 418 287 420 256 406 321 420 265 433 230 441 202 444 333 439 274 463 237 478 207 488 355 460 300 491 265 508 237 519 382 481 348 510 323 529 300 545 
226 275 243 302 242 333 230 357 228 381 194 317 173 350 159 373 144 392 171 309 132 340 110 365 91 385 156 306 118 334 95 356 76 372 150 306 117 324 96 336 79 347 439 426 388 405 334 405 288 399 256 386 322 407 260 414 223 419 193 423 332 426 266 445 226 462 194 475 348 448 288 470 252 488 223 501 368 471 328 498 304 515 282 529 
225 277 241 303 241 333 230 357 225 380 193 318 171 350 156 373 142 392 169 309 129 340 107 364 88 382 155 305 117 335 94 357 75 372 149 305 115 324 94 336 77 346 442 426 387 409 330 411 286 408 256 393 321 410 262 419 225 426 195 431 332 429 271 449 230 467 198 482 350 451 295 476 258 494 229 509 372 474 336 501 312 520 290 537 
222 276 237 304 235 333 222 357 218 380 188 318 165 349 149 373 134 392 165 309 125 338 101 362 81 380 152 306 113 334 88 356 69 372 146 305 112 323 90 334 72 344 444 432 389 414 333 417 289 414 256 399 324 418 262 428 225 434 196 439 336 437 273 459 233 480 203 496 354 459 298 486 262 505 234 518 376 480 338 511 314 532 291 549 
221 277 236 304 234 333 221 358 217 382 186 319 164 350 148 373 133 392 163 311 124 341 99 365 79 382 149 306 112 335 88 356 68 371 143 305 110 323 88 334 71 344 446 432 392 413 337 413 291 409 259 393 328 414 265 422 227 430 197 435 340 433 274 455 233 474 202 488 358 456 298 482 261 500 233 513 379 479 339 509 314 528 291 544 
223 277 239 304 236 334 223 360 222 385 187 319 165 352 150 376 135 395 164 311 126 341 103 366 83 385 150 307 114 336 90 359 70 375 145 307 112 325 90 337 72 347 443 432 392 412 336 410 289 403 256 388 327 411 263 416 225 422 195 426 339 429 271 449 230 467 199 481 356 452 296 476 259 494 230 506 377 476 337 503 313 521 289 537 
224 277 239 304 236 335 223 360 219 383 187 320 165 352 149 376 135 395 164 311 125 343 101 367 82 385 151 307 113 338 89 359 71 374 145 306 112 325 90 337 73 346 442 431 388 411 334 410 289 403 257 388 324 411 262 418 225 423 196 425 335 429 270 449 230 467 200 480 353 452 294 475 258 494 230 507 374 475 338 504 314 523 292 539 
224 275 238 303 235 333 221 358 218 381 186 319 163 349 147 373 132 392 164 310 124 341 100 366 80 383 151 306 112 336 88 357 69 372 146 305 111 323 90 334 72 344 444 432 390 413 334 413 290 408 257 394 326 413 263 421 225 427 195 431 337 432 274 452 233 472 202 488 355 454 299 480 263 499 234 513 376 477 340 507 317 527 294 544 
223 275 237 303 234 333 220 359 216 382 185 319 163 350 147 373 131 392 162 311 123 341 99 365 79 383 148 307 112 336 88 358 69 372 143 306 110 324 89 334 71 343 444 432 389 414 333 415 288 409 256 393 324 416 262 426 225 433 195 438 335 435 273 457 233 478 202 493 353 457 297 484 262 505 235 518 374 479 337 511 314 532 292 549 
222 277 238 304 235 335 222 360 218 383 186 319 164 351 148 376 133 395 162 311 124 342 101 367 81 386 148 308 112 337 88 359 69 375 143 309 110 326 88 337 70 347 443 433 391 411 337 407 294 402 264 386 323 415 260 425 223 433 194 438 333 435 268 458 229 478 200 492 349 459 291 485 257 504 230 517 371 482 334 513 311 534 290 550 
224 277 239 306 235 337 223 364 221 389 186 322 165 357 151 381 136 400 163 314 125 347 102 372 82 390 150 310 113 341 89 363 69 379 146 310 112 329 91 340 73 350 444 433 392 409 338 404 296 396 267 378 326 413 262 421 224 428 194 432 335 433 270 453 229 471 200 485 351 456 292 479 256 498 229 510 372 480 335 508 312 527 291 543 
226 276 239 304 235 336 221 362 219 385 186 323 165 356 150 380 136 398 164 315 125 345 102 369 83 386 151 310 114 339 91 358 72 372 146 308 113 326 92 337 75 346 445 432 392 408 339 401 297 393 268 376 327 411 264 419 226 425 196 428 337 431 271 451 231 469 201 483 353 454 294 478 259 497 231 510 375 478 337 507 314 526 292 541 
226 270 235 294 231 322 217 347 215 367 177 306 155 335 144 357 133 377 156 300 119 324 96 347 76 366 146 298 109 318 85 336 65 350 143 299 111 312 89 323 72 332 447 434 393 412 338 407 297 401 268 383 327 415 265 426 228 433 198 439 337 437 273 459 233 479 203 493 354 461 298 487 262 505 234 516 376 484 338 513 314 532 292 547 
224 265 235 288 230 313 214 335 206 355 180 292 154 318 137 338 122 355 156 286 118 312 94 334 75 350 143 284 106 305 82 322 63 334 139 286 106 300 85 312 68 322 448 437 393 415 338 410 298 403 269 386 326 418 265 426 228 433 198 437 335 438 272 458 233 476 203 491 352 462 294 486 258 504 231 518 374 486 337 514 313 534 291 550 
222 278 233 304 226 334 213 360 210 383 177 321 154 351 141 374 130 394 157 313 117 334 93 357 75 376 145 310 105 328 83 346 67 362 141 310 109 324 89 337 73 350 447 432 395 408 340 401 299 390 271 372 327 407 267 410 231 415 202 418 335 428 272 442 233 455 203 466 351 452 293 471 258 485 230 495 373 477 338 500 314 515 291 528 
224 286 238 313 233 344 219 371 215 395 184 329 162 361 148 384 135 402 162 321 122 350 99 375 81 394 149 316 112 344 89 368 72 385 145 315 112 333 91 346 74 356 451 435 400 408 346 397 303 385 274 367 335 401 272 401 234 406 204 409 342 421 276 434 235 448 205 460 356 446 296 462 260 477 232 487 376 472 339 494 314 509 291 522 
227 273 237 297 232 325 220 351 220 372 178 311 157 341 146 361 136 379 156 303 120 325 99 342 81 358 146 302 112 325 91 342 74 357 144 306 115 322 97 334 82 345 450 446 394 423 338 415 300 405 274 385 327 421 271 427 237 435 209 444 336 443 277 459 239 475 209 488 352 469 300 491 265 506 238 519 372 496 333 520 307 537 284 553 
230 261 239 284 229 307 213 324 208 338 177 284 150 308 133 326 119 342 157 279 116 300 93 320 72 337 148 279 111 302 88 319 69 334 146 285 117 303 98 316 82 327 456 455 402 431 347 423 307 413 277 395 336 427 276 433 239 441 209 448 344 449 281 461 240 475 209 488 360 474 302 494 265 510 237 521 380 502 337 525 309 541 284 553 
216 269 221 290 212 302 198 307 185 316 154 287 112 299 83 312 59 323 142 282 100 296 72 310 48 323 136 282 99 295 74 308 53 320 134 287 107 296 87 305 70 314 473 466 423 432 372 417 328 401 297 385 356 427 295 423 260 427 233 429 360 454 299 462 260 474 233 481 372 484 321 503 286 515 261 522 391 513 356 534 332 546 310 553 
200 270 177 285 151 294 130 295 112 295 119 280 83 281 55 284 30 287 116 275 80 276 51 279 24 284 116 271 82 271 56 274 32 279 119 267 90 267 69 269 50 273 509 473 472 446 413 421 364 398 330 375 401 438 342 431 313 426 291 421 407 465 330 476 308 470 300 462 423 495 357 520 350 521 357 515 444 524 396 548 390 549 392 545 
180 256 148 275 116 273 90 262 72 254 96 245 59 247 32 253 9 260 95 243 58 244 30 251 4 258 95 245 59 244 32 250 9 258 96 248 64 247 43 250 25 255 535 480 488 463 432 448 394 429 376 400 447 457 404 454 395 463 392 467 470 484 436 500 426 514 419 522 497 512 473 536 461 552 450 562 526 539 512 567 505 580 497 587 
161 241 138 265 112 268 86 260 65 257 82 234 41 239 14 247 -9 253 80 226 37 235 8 244 -14 253 79 226 41 234 14 242 -7 249 80 229 48 233 26 239 8 244 550 517 518 493 472 481 431 472 399 455 483 507 462 521 452 534 441 546 508 528 497 548 492 571 482 593 532 545 529 566 528 589 523 605 555 554 555 575 559 589 557 600 
161 249 144 264 115 271 88 274 69 271 83 243 44 249 19 256 0 264 79 240 42 248 16 256 -4 265 77 242 42 248 19 257 -1 265 78 246 48 251 28 257 12 262 578 489 536 479 476 479 429 473 394 459 493 499 452 519 426 532 405 540 517 520 481 543 457 563 434 579 549 540 520 567 500 587 479 603 582 557 572 588 563 608 552 626 
572 472 510 460 439 460 390 452 355 437 441 485 405 504 379 516 357 524 460 512 428 544 402 563 379 577 486 537 458 567 437 584 418 595 516 559 494 586 478 599 462 607 -1 -1 -1 -1 -1 -1 -1 -1 -1 -1 -1 -1 -1 -1 -1 -1 -1 -1 -1 -1 -1 -1 -1 -1 -1 -1 -1 -1 -1 -1 -1 -1 -1 -1 -1 -1 -1 -1 -1 -1 -1 -1 
543 465 483 449 418 445 374 437 342 425 403 446 358 433 325 424 300 415 403 465 350 460 312 461 283 461 410 490 360 498 327 508 304 513 427 522 387 541 366 549 352 552 -1 -1 -1 -1 -1 -1 -1 -1 -1 -1 -1 -1 -1 -1 -1 -1 -1 -1 -1 -1 -1 -1 -1 -1 -1 -1 -1 -1 -1 -1 -1 -1 -1 -1 -1 -1 -1 -1 -1 -1 -1 -1 
462 443 415 419 359 403 322 389 300 371 330 417 277 415 247 413 224 409 336 438 278 449 248 452 225 450 350 463 294 483 267 485 248 480 371 490 339 513 327 515 319 509 506 448 434 423 372 413 333 399 307 376 357 418 303 416 262 413 228 409 361 436 302 437 258 438 222 436 370 460 315 471 277 478 245 478 390 490 353 509 336 514 322 512 
480 442 424 414 367 401 326 386 296 365 354 403 291 402 254 403 224 402 361 419 292 427 251 437 220 442 374 440 311 453 273 464 244 470 392 465 350 480 324 488 300 493 -1 -1 -1 -1 -1 -1 -1 -1 -1 -1 -1 -1 -1 -1 -1 -1 -1 -1 -1 -1 -1 -1 -1 -1 -1 -1 -1 -1 -1 -1 -1 -1 -1 -1 -1 -1 -1 -1 -1 -1 -1 -1 
258 298 273 331 271 367 260 393 251 409 228 350 208 385 197 412 187 434 204 341 168 374 148 398 131 417 188 335 152 364 133 384 116 400 179 332 148 348 128 359 112 369 488 436 434 414 378 403 337 386 307 363 364 404 305 404 269 406 238 407 373 419 307 427 266 437 235 444 389 440 331 455 293 467 265 474 411 464 370 479 343 487 318 492 
260 297 280 325 281 354 271 379 270 402 235 348 215 383 203 408 191 428 210 338 176 372 156 396 138 414 194 332 160 362 140 382 124 398 187 328 155 346 137 356 122 366 512 422 458 404 405 397 364 386 334 367 396 399 335 405 302 412 274 417 405 415 341 430 305 443 278 453 419 436 365 455 332 470 307 480 437 458 397 478 373 490 352 500 
250 297 267 324 266 354 257 380 255 400 224 346 202 379 185 404 171 423 199 335 163 365 140 390 122 409 184 329 148 353 126 375 108 393 177 327 144 341 124 354 107 365 522 412 472 390 420 382 381 375 353 360 407 387 349 394 317 401 290 405 415 404 356 420 322 434 296 445 428 424 378 443 347 457 323 466 446 446 411 464 389 475 368 484 
233 298 242 328 234 358 222 385 214 406 191 349 161 380 143 403 127 422 170 336 132 360 109 383 90 403 159 327 121 345 95 363 76 378 157 325 123 336 101 348 83 360 519 398 471 377 420 372 383 364 359 345 405 377 350 387 318 395 293 400 414 393 357 410 323 424 298 435 430 412 379 432 348 446 324 456 449 432 413 452 390 464 369 473 
212 298 213 336 202 368 187 396 172 414 160 353 124 384 104 407 88 425 142 337 100 361 76 382 59 400 133 326 92 345 68 363 51 377 131 322 97 334 75 347 58 358 515 396 469 375 421 372 384 364 360 344 405 375 348 385 316 393 289 398 413 391 353 407 317 423 291 435 427 410 374 430 342 445 319 454 445 431 406 451 382 463 360 471 
192 304 195 341 183 372 166 402 155 427 135 355 100 390 80 417 63 439 115 341 72 369 47 394 27 414 103 334 65 357 37 377 17 394 100 332 65 347 43 361 26 374 513 400 466 379 418 375 381 367 356 349 403 379 347 391 314 400 288 405 411 394 351 414 315 429 289 440 425 414 373 436 341 452 316 462 444 435 407 457 383 469 361 479 
180 310 191 344 181 375 163 402 154 427 132 359 97 394 78 419 61 440 108 346 62 379 35 405 12 425 96 339 54 371 28 394 8 410 92 338 56 355 35 366 17 375 513 403 467 381 419 378 381 371 357 352 403 382 346 394 314 404 288 410 412 397 351 417 315 434 289 445 426 416 374 440 341 456 316 466 445 438 407 461 384 474 362 483 
189 308 199 342 190 373 174 399 162 421 136 361 105 398 88 422 73 441 114 348 71 381 46 406 25 426 103 339 64 370 40 392 22 409 100 335 65 352 44 365 27 376 508 404 460 382 413 378 375 370 349 354 398 385 341 397 308 406 281 412 405 402 345 422 307 438 280 448 418 423 366 445 331 462 306 472 437 445 397 467 372 481 351 492 
208 299 219 333 212 365 199 393 192 417 161 358 132 394 115 416 100 433 138 345 96 376 72 400 54 417 125 335 87 364 68 385 54 400 120 329 85 348 65 359 49 368 482 411 430 394 381 390 343 381 312 368 368 402 312 416 279 427 251 436 377 420 317 444 279 464 250 478 394 441 339 468 304 489 278 503 414 462 376 487 351 505 329 521 
235 293 247 327 236 361 219 387 216 409 190 349 165 382 147 404 131 419 168 336 129 365 106 388 87 404 154 325 118 353 98 373 82 389 148 318 113 335 91 347 74 356 457 421 402 403 349 401 309 394 277 386 338 413 278 432 240 445 209 456 346 431 281 459 239 481 207 495 363 452 303 484 264 509 234 526 386 473 343 504 313 526 287 544 
257 283 273 314 270 350 261 379 258 402 222 336 200 368 188 389 176 406 198 326 162 357 141 380 124 396 183 318 148 347 130 367 116 382 175 314 144 331 124 342 109 350 426 437 361 419 307 420 263 418 230 412 294 431 239 453 202 467 171 480 303 453 241 485 202 509 170 525 319 477 260 512 223 538 193 557 343 500 296 534 268 557 245 578 
268 277 287 310 284 344 275 369 276 389 240 331 216 364 203 386 191 404 216 321 179 352 158 377 142 396 201 314 166 345 149 368 135 385 194 312 163 329 144 340 128 350 393 461 324 447 269 451 225 447 190 440 255 467 196 493 158 510 126 525 266 488 202 523 163 548 132 563 285 511 230 547 193 572 166 589 310 531 270 564 245 586 223 605 
269 282 287 313 285 344 275 370 273 392 239 334 215 367 202 391 190 410 217 325 180 358 159 382 141 400 203 318 168 349 148 370 133 386 198 313 166 332 148 344 132 355 376 467 317 455 264 461 218 459 182 448 248 474 186 502 151 517 124 529 262 492 197 528 159 552 131 567 283 512 227 551 193 577 166 593 310 532 271 569 247 591 225 608 
259 289 276 320 270 351 260 378 261 398 223 343 199 375 183 397 170 414 200 332 164 363 142 387 123 405 188 324 153 353 133 376 117 392 183 319 151 336 131 348 114 358 402 450 347 438 293 442 247 442 211 436 280 457 213 482 178 499 150 510 292 474 223 509 184 534 156 551 312 493 254 533 219 558 193 574 337 512 295 551 272 574 250 593 
242 293 253 329 243 361 226 387 216 408 197 350 165 382 145 404 129 423 175 335 136 362 113 386 95 406 164 325 123 344 97 362 77 376 161 321 125 336 101 348 81 359 436 433 381 422 321 427 272 423 236 411 313 432 251 455 217 471 190 483 327 447 262 482 225 507 197 524 348 466 293 505 260 531 235 548 374 485 338 520 314 541 290 557 
222 304 218 345 204 382 186 413 168 434 167 364 129 393 108 416 91 435 149 347 108 372 83 394 64 411 139 336 101 356 76 375 57 391 137 331 103 346 82 360 65 373 465 429 407 416 352 421 311 418 280 404 335 433 284 455 257 468 235 476 347 452 299 482 270 501 246 513 369 471 330 504 305 524 282 535 398 489 375 519 360 533 343 542 
202 317 202 361 187 395 167 423 157 449 145 377 107 408 86 433 69 454 127 362 83 388 57 411 38 429 116 354 76 375 49 396 28 413 113 351 76 365 53 378 35 389 479 431 422 419 367 424 325 421 296 404 360 433 307 455 277 471 253 483 374 449 318 480 286 502 259 519 395 467 348 500 318 523 294 539 421 483 391 514 374 535 358 553 
203 325 212 360 205 393 190 422 174 443 156 380 122 415 103 438 87 456 133 367 89 396 62 420 41 438 120 358 80 381 58 400 43 415 116 354 82 370 62 382 48 393 469 439 414 427 361 429 318 425 287 411 355 440 299 464 267 481 241 494 369 456 311 489 276 513 249 531 389 474 339 510 307 536 280 554 414 492 382 527 362 549 343 567 
224 319 237 353 232 385 218 412 209 436 182 378 153 411 136 433 121 451 158 363 117 393 94 418 76 436 145 354 106 379 85 399 71 415 140 350 109 368 91 380 79 391 447 451 393 436 339 437 294 432 259 420 333 453 276 481 243 500 218 515 347 472 288 509 252 536 225 556 369 492 315 531 282 560 256 580 394 510 359 548 337 572 317 593 
240 312 257 345 251 376 237 401 234 426 205 366 175 399 160 423 146 443 182 355 141 389 118 415 100 435 169 348 130 380 109 403 93 421 164 344 130 363 110 376 94 387 423 471 366 454 317 456 279 456 253 451 305 479 251 513 218 537 193 558 318 503 260 544 225 577 199 600 338 527 286 569 254 601 231 624 363 550 329 591 306 619 288 642 
240 311 253 345 246 377 233 402 232 422 200 366 173 396 157 420 143 438 179 354 139 386 117 412 99 431 167 346 128 377 108 399 93 415 162 341 129 359 109 371 93 383 400 501 334 495 280 504 237 510 202 505 273 522 223 561 192 588 167 611 289 542 236 591 205 628 180 652 313 563 263 608 231 643 207 666 344 581 307 621 284 647 263 667 
238 311 250 346 242 376 225 400 219 422 198 359 164 389 146 414 130 434 176 348 133 382 110 409 92 429 164 342 123 373 101 396 84 415 160 339 125 356 104 370 88 384 381 511 325 502 273 511 227 517 193 510 260 533 205 574 177 599 156 620 275 553 218 602 187 635 165 659 299 572 246 618 215 647 192 666 327 590 291 632 268 655 247 674 
237 318 248 351 242 380 228 403 225 424 200 366 168 394 150 418 135 437 177 354 136 385 113 414 98 436 162 347 123 376 103 401 91 421 157 346 124 364 103 379 89 393 377 520 320 508 266 515 219 519 185 511 256 539 201 576 172 601 149 622 271 560 214 608 183 640 161 663 294 580 242 625 213 652 191 671 322 599 288 638 266 659 246 677 
